W8rterverreichnisr. 85*

rubrum suberant 4, 66.
subtexo subtexit 7,192.
subterranea 2, 149.
subtrahitur 8, 656.
4u,bvexit5 88.
111111111746,
111111811ξα684ῗξ3,2 1116111114, 24.
summo
succurrere 8, 443.
1111011524.
ωω1Μ1ω
sucus suoi 11, 76.
11611411111116116141.
1116111611 3,163 116111 1,167,

6,259.1ι661116,426.160111

4,108;10,41.116111116ιι11,28.
1101162126.
sudoribus 13, 226.
suetus 10,23'1.
11611111, 29.
1111611113, 155, 5,;7 6,,53 8,88,
16,46.’161;13,160.183;1,4 1.41
172, 15,169.11161111113,179;

QQ'anmsfflm

14, 317. sufficeret 15, 80. suffi-

cient 7, 187, 14, 366. 329. suffecit
14, 319. suffecerit 10, 32. suffe·

cerat 14, 298.
sufflamine 3,148, 16, 56.

suffragia (nom.) 8, 211. (111.) 16, 77.
Μωηωωωωφω,
Μ4Μ1Μ1ΜΜ.
365. 45¹1.8118; 7,21. 171. 219, 9,

Qmstmmmmwa

ffiwmfflmmmmoe

1, 31. 82. 67, 2, 166, 3, 51, 5, 22.

166, 6, 32. 144. 173. 135. 244. 358.
383, 518. 538. 518. 808; 7, 34. 63.
242, 3, 267. 213, 16, 79. 137. 327,
11, 31, 12, 26. 34. 54, 13, 209,
14, 51. 79, 83. 362, 15, 59. 132.
-164, 16, 27. 1111 2,165, 3, 231,
12, 16. 11 3, 64, 75. 152, 4, 76,
5, 65, 6, 469, 8,146; 13, 2. 91,

rm
mmmffl

sulcum 1,157. 11111 14, 170. sul·

1ο1 7, 48. sulcis 14, 241.

sulpure 11145. sulpura (nom.) 2,

11ΜΜ1

wmwaewmeQQ
ffimmstwffimm
mmnmmfflmz5
111111111411
1166ΜΜ1Μ1
mmmmwffimm

182. 197. 216. 236. 239. 290. 298.
269316, 4, 1. 15. 26. 34. 54. 55. 76.
97. 163127, 5, 1. 66. 93, 6, 21,
55. 82. 91. 95. 98. 112. 138141.
152. 132. 186. 193. 262. 267. 221.
222. 242. 243. 234. 329. 331. 348.
368. 392. 3951041). 412. 466. 474.
494. 497. 561. 504. 505. 511. 538.
557. 588. 812. 623. 629, 7, 47. 62.
31. 129. 135. 162. 217 (bis). 240, 8,
26. 36. 39. 55. 7697116. 122.
1251611), 9, 32. 43. 82. 95. 166.
118 (641), 10, 16. 32. 55. 82126.
146. 148. 155. 159. 268. 212. 215.
297. 322. 328. 345. 356. 356, 11,
11. 17. 22. 35. 5653132151.
161, 12, 97. 118, 13, 2. 47. 75. 84.
96. 166113. 129. 166173. 183.
196. 236. 243, 14, 39. 45. 76. 79.
178. 182. 183. 204. 215. 226. 254.
276. 231 364,15,93.95.166 1,6,
1826 49 1111113,164,14,41.
11111 5,137. 11115136, 6,73.
259. 338. 366. 436, 8, 111.112.
224,16,1.146. 198. 246, 11,297,
12, 37. 162, 13, 26. 86. 96. 156.
223, 14,1. 123, 15, 130, 16, 52.
sis 2, 9, 8, 31269, 9,126, 11,
33. 60116. sit 3, 54, 5, 59. 72,
6, 54. 162. 188. 218. 223. 359. 567,
7, 53. 71. 155. 238, 8,165. 196.
269, 9, 139. 145, 16, 25. 93. 211.
348. 353. 356. 365, 11, 25. 37, 12,
59;13,77.166,14,25. 66. 71.
110. 136. 296. 3,15 16, 21. 59.
rimus5, 18. sint3, 38. 277,6
361,16,173,12,25.93. 1111
5,112.113; 6222 3,.21 79 184.
esse 1, 58. 74, 2,14'9; 3, 75, 4,
93. 153, 6, 372, 7, 216, 9,103,
16, 166. 237. 304. 336, 11, 38.
155; 13, 12. 37. 91. 249, 14, 121,
15, 3898141171, 16, 53. eras
8, 28. erat 2, 29. 115, 3, 79. 263,
4, 96, 6, 116. 345, 8, 38. 217; 9,
59, 16,. 68, 11, 33169, 13, 58,
14, 36. 94. 239. erant 4, 82. essem
9, 71. 11111 8, 599, 8, 41. 11111
3,18, 6, 94, 7, 226, 16166, 12,
16, 13, 262. 1111111634. ero

amummmmmffl

stwaumfflffimun
mmmmmmmz
11111111111
Qmmmmfflm.
188mfflmffiw

 

