9* mma

151. 158. 359. 383. 542, 10, 119,
12,13.19,15,133. 6061111001,
16, 8,10, 9,86. 60601112, 59,

6,581,”1,149. dederat 10 283.

60610614 150. dederit 10, 319,

1Μ19Μο99;6

204, 16,13. 52 detur 6, 653.

6001016, 511, 8,211. 60116159.
6050011014,163. 6010011112, 151.

dabitur 1,124,10,340,12,4.

dabuntur 19 335; 14, 158. 6010

10 243 datum7, 134. 601010,
6066161, 150, 14, 231. 600016, 232.
233,1,224;13,189,14,18.125.

282. domo 13208. 601110001312.
domibus 6, 601, 8, 233. 6011100
6, 3. 225. 3,12 19,1,15,153.
domibus 3, 303, 9,89.

6011005122, 6,184,10,162, 13,

158.

dono 6011013133, 6, 356. donant

2, 61. 601100 6,191. 6011013,
215, 1,15, 14, 235. dona 7, 25,
11, 184. donare 3, 3, 9, 49. 59,
10, 91. donaret 5,133. donabis
6, 212. donavit 1, 59, 15, 86.
donaverit 6, 519, 1, 236. 60110-
511014,.55 6011011615,111. 60-
11011606, 203.

600601 1,1’16. 6001111111 1,158. (100010606013,149,16,51.
60001115, 111. doetus 1, 56. 51 dormis 2, 31, 60111111 2, 60, 6,.34
600106, 445. 600111, 215. 60010 329. 6011111016, 316. 6011111101,

1,184.
dociles 14, 40.
mmmmm
6ο ta 13, 121.
60 bri 8, 248.

11, 3, 196. 281· 6, 116, 8, 11.
dormiret l, 17. dormiet 3, 241.
00000101 6, 89. dormitur 3, 235,
, .

dorso 12, 109.

601013, 162, 11, 190. 601000 5,151. doe dotem 2,111, 6010 6, 139. 169,

dolia (nom.) 14, 308. (aec.) 6, 431,

6016 661010 12, 51.

14, 221

61151100 3,136. 6051101 9, 99. du-

bitant 9194, 9, 110 dubitem

dolor 10 315,11,52,13,12. doloris 1,.103 61151100 1,5 89. 6051101
9,9.0 dolori 10, 315. dolorem 8,213,1391153.61151106,.306

13, 131. 229.

6011116010 13,146.
60010160010611. 01003,,.911 (nom.

0101114, 32. (000110 95 15 64.
dominae (0011.) 6, 423. 53,0 9, 78.
dominam 6366010106 3, 33,

6, 316. 311. dominas 6, 323.

. domiuus 5, 131, 1,119, 14,145.
293. domini 2, 98, 3,12, 4, 96;
mwmuwffiuuu
60011005,11.81.141. domiuum
10090190000
161, 0, 46, 10, 88. domini 14,
169. dominos 6, 4, 8, 65, 9,111.

mmtwuuu

domo domat 6, 235. 6010111651.
domitum 1,11. domito 11,89.

domitos 16109.

domus (nom.) l, 1, 3, 10181212.
224. 261, 5, 66, 6, 114, 1,41. 184,

6115110501 12, 43. dubitaret 13,
299. 6056011164, 59.

dubius 14, 136. 6115111111 10, 82.

dubium 11, 181. dubium 1,110.
091909090
,0,11605110 5, 22. dubie 6, 315.

ducentos 1,139.
(lucis 6, 28. 60011 2, 81, 6, 238,

14, 188. ducimus 7, 49, 12, 3,
13, 20. dudunt 8, 66, 12, 65, 14,
uummmfflmmu
duc 10, 65. ducere 12, 9. ducet
6, 583. 601111 11, 93. duxerat
1mumwumwssu
10, 66. ducatur 12, 112. duceris
5,125. ducendi 6, 201. 61100060
10, 240. ductus 1010. ducta
13, 216. ducti 10, 351. ductis
99

09μω90990,ωωω99090
1991000090000.100100
1990οΗ999;Μὼη90
umummwwmdfflumfflmwmm

fflQfflwwwwwt

9, 88. dulcior 5, 139, 12, 1.

111, 12,10. 119, 13, 51. domum dum 1, 60, 3102616111 21, 5, 55.
1ομ19;09μ1900 1090091090009

 

