W6rtsrverreiohniss.

114044 14, 266. 44014, 55
411414’2,169. 4434111 5,154.

114148,151,13,195. 4434110
4,.414 1134141141114, 19.
(1111141114.

1143111013, 244.

41*

ὲθὶὲἓΊ. 10141441 16,289. 101415

1011111456, 361.

1011414144 13 166, 15, 77.

formido formidat 3,’176. 101411-
datus 6, 559.

ormo 1011114416, 344.

10144446, 163. 1414104446, 465,

mfflelm'nnufl temus
41110 43411411,
18 4431446011311.443141141 13, 43. ’1014044146186 15114οῘ

fflffl 235”1’1411’11’11411”’8 233.
4414414111,366;11,63.

4414111442, 124, 6, 235.

4414144010’16,3’34.’

flavus 11411 51154410 6,126.
flammo, 354· 13, 164.

flebile 13, 84.

fimo 445144 13, 144. flexitl, 26.
40114409, 36. ’40116 493.

4411 3,3161.44414147,1’46.401)41

4414146376 4411115136

1144114410.

florentibus 8, 99.

404 5, 56. 1101441556.

40404144 9,137.

1401441 6, 322. 44414 11, 94, 12,
36, 14, 396. 4401114692. 444-
1164416186.

numnis 15,1. 11umina3,31; 10,

4411116, 295. fluxerit 13, 69

1004141113, 263

100441 5,’97. 100041385, 1583
100144, 66, 11, 79

10441119,’ 45.

foedus 1044414 7,133.

som 104443,’148; 6, 133. 461
1004441(110111.1’14,84. 1400114411)
7,5. 1041108, 22’5 10011414, 64.
foedis 8183100110 14, ’1.52
10441014’,14.104111443,8’3.

foliato 6, 465.

10114418, 126.

1011014 1361. 10114 14,381. 101144
7,111 10111644 16 61.

1044 16,119; 1141 1041143, 13.
1041411114,’104’1041053,387’,6,
386 554. 1041111447,

foroipibns 19, 131.

fore cf. sum

fores 6, 237. 10116449, 85 10114
(auos) 1, 114 4,.11

furious 3, ’38

1011445,’61,6,178,16,334.1011444

fraqam 11434

sissimus 16, 331.

fornacula 16, ’83

fornax 1014440 3, 369.

fornicis 16, 239. 1014144 3, 156, 11,
173.

101444 6,14, 13,135.

forsitan l, 156, 5,156, 6,113, 11,
1623 1114145.

fortusse 4, 25, 6, 37. 666, 13, 163,
1414.

10110 3, 378, 6, 643, 7, 156333,
11,119, 13, 317.

fortis 16, 59. 10110146, 97, 19, 357,
101144 4, 3, 9, 143. fortibus 8,
133. fortia 8, 57. 1011101 3, 293,
11, 44, 14141.

fortuitus 14111.

10114446, 287, 7, 197, 19, 285, 13,
29, 14, 328. fortunae (3411.) 13,
16. 2686, 15, 95. (aas.) 16, 53,
41, 114. fortunam 10, 133 16, 14.
1011445 6, 593, 6, 74. fortunas
14,!13.

101144414416,132.

10141043. 319.

1ο14141,128.10111647.10104,.7
forum 7, 133. 1010 16, 25, ’11,
56. 1014’.,111001)6 68. 144013, 52,

10444319

10440111, 86.

101016666.101141131651014141

1143111 13,88’. 11431104 6,344.
fragor 11,,19713 57

frameam 13, 79.

11443148, 136. frangit 6, 479, 7,
219. frangimus 16,156.’ 1114434
7, 37 11443 014 13, 162· 15,1.1
1144 3411418, 347, 11’, 163.’ 114311
7, 86, 14, 93. 1143514416, 399.
11030114 'W' 40001.) 14, 369.
1144311411191.1144 turf6,
661144 041144 16,(13.61144-’
304458,16.11401441568.114415
1 ,111;4, 11, 4111. 414, 14134

 

