82* Regma.

severum 14, 116. severi 2, 161. 149, 9,,33 13,47.1131.,’111,6
severos 11, 91. sideribus 5 22.
1313,263,4,15,1,166.173311111,61.111311713116331
sexagesimus 14, 197. 17111317 31113,27Μ11131111136,111
sexaginta 1317 3111111119,16.11311171713,11

1111111111411.

sextus 6, ’162 sextam 11, 266.
sextis 1, 64, 7,166.

1311116, 135. 341, 11, 166. sexum
6,646.131112,46 6,253.

sil, 21. 56 14 16 167 2626 26
4366761231673).1577156167,
3,19. 42161. 11111131111111
166. 112. 727. 748. 149. 159. 154.
171. 173. 299. 212. 223. 239. 257.
273. 289. 297; 4, 12. 78. 26. 53
(bis). 84, 5, l. 3. 16. 46. 49. 167.
116. 126. 132. 138. 159. 164. 171,
6, 33. 41. 42. 49. 95. 96. 143. 168.
299. 296. 213. 243. 250. 255. 257.
278. 331. 332. 379. 415. 476. 475.
487. 495. 564. 526. 566. 561. 578.
582. 598. 614. 619. 642. 953. 669;
7, 8. 13. 22. 39. 59. 99. 199. 113.
122 (671). 149. 111. 194. 197. 198.
266; 6, 6. 1611. 1115611666.
63. 60. 119. 111. 127 1671). 126.
131. 135. 736 (673), 144. 183. 211.
246, 9, 33. 9616711. 136, 16, 36.
66. 74. 75. 123. 142. 294. 219. 249.
263. 266. 349. 343. 346. 365, 77,
12. 15. 56. 65. 119. 119 136196.
131,111113313111111,
13 551673). 66 61. 64. 72. 76 61.
97191. 121i.l35.139.144.159.
176. 276. 217. 23,6 14 4 71. 113.
145. 154. 156. 199. 226. 231. 246.
256. 256. 666. 615. 625. 621 1111),
15, 62. 111, 16, 2. 5. 16. 61.

111 1, 11, 1, 111, 3133131313,
1, 62. 111, 5, 111, 6, 1131131131.
131, 1, 162. 111, 6, 66. 5615.
111, 11, 113, 11, 11, 11, 13, 13,
199. 761, 14, 31. 92. 211, 15,
24.

siccat 5, 191. siccabis 5, 41. siccen-
tur 16, 27. siccandam 3. 32.
17333111111 11,15. siccato 13, 44.

siccus 7,116. 1733111111,45. sicci
ll, 62. siccae 6, 35, 6. 12. sicco
6, 111. 11111 11, 113, 15, 111.
siccis 6, 491: 13, 212.

173111 2, 76, 6,65. 167, 7, 264, 19,
99; 1566.

17171116, 569, 1, 266. sidere 12, 163,
16, 4. 1763111311.) 7,165, 6,

17 311,11111114132,11 81181332111,

17311 111115, 165· 6, 1i9m'161-115„
16,.551131176,1163211
157.17311713,162;1436116,11,

117113114 236 17111111, '’166. 377111

silicem 3, 212, 6,3.56

siliginis 6412. 1717371135,16

siliquas 11, 56.

177113,16;9,13.177111111111,135,
1,5'.8 silvas 15152.

1713111331 6,6.

siluro 14, 132. 17131314, 33.

simias,214;10,195;13,156.

similis( 7111313733 132· 6,7,6 6276,
11,194. 111111.)6,653;12,16.
26,15,166. similem 2, 6,5.
277, 14 51 1111117113 135 sinissei
1113171131. (11711331
11165173777711131,6,53.171117777111

simplex (nom masc.) 1, 92, 6, 321.
1113119 ²1666916, 234. simplicibus

17113771751111, 153, 2, 16, 6,,266

71171171113177111366117731266. 1333111,

1711117316, 271 1731713123 simu·
716711116324.

simultas 15', 33.

771763716636 111, 11, 111. 111,
13, 11, 11, 31, 15, 51.

sinistri 6, 256. sinistro 2, 61. 17·
1171117114,1. sinistro 16129.

sino sinebat 6, 266.

sinus (nom.) 1, 66, 7, 112, 933.
(qen.) 12, 81. 171111 6, 661. sinus
1‚156; 1,11.

1111111736, 166

17363376316, 316

1133163313621, 12, 167

1711117114 317. 1171111112,113 17111131
14 41 56. 1711111333. 1171111122

171113 13, 99.

171731763116,426.1133113176
12, 45. 1717315, 66.

17171 19, 146· 14, 916

17132,716,16,211.3221671,11,62

 

