4

94*

616ο666 9,113.

vinum 5, 24, 7,121. vini 7, 236,
10, 203, 11, 161. vinum 7, 97.
6166 5, 49, 6, 315. 386. vina 5,
51;11,159;13,213.

violae 12,.90

613166361166111.6163.)4,486.161163

violo 16161666 15, 9 6161666613, 20.
violaverit 15, 84. violatus 11,116
violatae 13, 6. violati 13, 219.
violato 6, 537.

111182Ιι 16291416, 53. 254. 61616, 508.
654, 9 85 13,12. vitaz-129,
6, 1111141111 16361. virum
6116, 11, 61. 61661161, 1363
6166616. viri 6, 666. vironufi
6, 399, 15, 48. 61616 6, 455. 61666
1, 16, 6, 116, 16, 16. 111. viris

6166111616 12, 85.

611366, 7 216. virgam 14, 63. 61136
3,317;8,7.153.6163668,.23
136, 11, 67.

6163631111, 8,265, 9,72, 14, 29.
6163161615,139 6631666506

virguncula 13, 46.

6161111611,198. 6161116165,143,9,
5116161111 3, 19. 61611166 (nom.
plur.) 1,118. (666.) 6, 228458,
11,111.

virtus 6, 323, 8, 20. virtutis 16,
141, 14, 109. virtutem 10, 141.
364. virtute 2, 20, 4, 2, 15, 114.
61616316669161 plur.) 3,164. 16611
6,16.

616 6, 440. vires 11,128. viribus
16, 10. 61666 3, 180, 6, 253. viri-
bus 16, 209, 12, 42.

viscantur 6, 463.

visci 9,14.

11166116 viscera 1116111.) 3, 72. (666.)
3, 44, 4. 1113 9, 43. visceribus
13, 15.

6116 10, 343. 61066 (qen.) 7,172, 9,
26. 111; 11, 166111, 116166.
366 11, 51161, 11, 111; 11,11;
11166161. (631.) 11,11. vitam
4, 91, 8, 84, 12, 56, 15, 161.
616 13, 11. 166116, 16166.

61116 6, 375. vitem 8, 247, 14, 193.
6111611 166, 11,11.

6111111111,149,3,182,6,413,8,140,
11166116. 61663,111; 12, 61,
14, 69. 61116 2, 34. vitionu'n 1,

Register.

87; 14, 32123. vitia 13188.
vitiis 4, 3, 6, 288.

vito vitare 6, 572. vitari 3, 284.
vitanda 8,116.

vitreo 2, 95.

vitro 5, 48.

vittas 6, 50, 12, 118.

61116164, 9.

vitulus 12, 7. vituli 13,117. vitu·
lum2,123. 61611163, 238.

61666163, 368, 4,51.

616116, 569, 8,55 6161611163, 182.
61661162,3; 12 51 1362616611
8, 4661611 6, 56, 51, 12, 128.
6166613, 29. 61663, 228. vivite
14, 179. vivere 2, 135, 5,2, 7,
137, 14, 137. 61666116 6, 56.
6166611616 10, 243. vivebat 8,
103. 6166561116, 12, 13, 38. vive·
661618. victur1166,56.7 vioturo
9,58. 616116,56.61666117,235.
vixerat 10, 272 vivitur 8, 9.
6166666663197, 9,118. vivendi
8,,84 11, 11.

6161365359. 61664,10, 15, 69,
1, .

vix 3, 251, 4,109, 5, 68, 6, 563.
594· 9, 70, 10, 214, 13, 14. 26.
74;1,4 1511.163;15,55.

6161616666293. 1116161666169,111.
ulcisci 8, 222.

uleus 6, 473.

ulla 6, 41. 185. 594, 10, 40. 315. 321,
11166. ullum 111; 11,111.
1111111614,202.111118,178.11111161
6,30,14,106.11116619,102,13,
209. 6116116611 2,52, 12,,1130
1161111] 14,145. 'ulla 11, 134.
11111613, 36. 1111615142.

ulmea 11,141.

ulmos 6, '166; 8, 78.

ulterior 4, 20, 7, 30. ulterius 166161
1, 147, 9, 38. 1666.) 15,118.

ultimus 3, 201. 209, 4, 38, 8, 260,
10,342, 15,90. 11111111111116166163.1
3,140, 6, 128. 1666.) 8, 44. (nom.
plur.) 2, 34, 12, 55, 15, 95. 16613
6, 61; 13116.

ultio 13, 2. 191, 16, 19.

ultor 8, 216; 10, 165, 14, 261.

ultra (praep.) 2, 1.159; 3,180, 6,
199, 14, 202· 16, 26. 16116,ὶὸ 18,
6190, 3164, 10, 154· 14, 327.

ultro 13168.

1111116616, 316.

umbellam 9, 50.

 

