96*

616661 13,111.

6161666 6,11.

616161,31, 1,116, 3, 9. 111, 6, 81,
8,100, 10, 185, 13,151. 6161 1,
11. 151, 6,190, 10, 311. 616616
1,111; 1,161; 3, 61. 193, 6, 398,
1, 83, 161, 8118150, 10,111;
11, 111. 100. 6166 1,161, 3,11.
135, 11, 55, 16,15. 61666 10,
181. urbibus 10, 31, 15, 101.
61666 6,111. urbibus 11,161.

urceoli 3,103, 10, 61.

urguet 13,110. urgueat 1, 59. ur·
guento 6, 593. urguentibus 11,
,3,21ἐ161166661 13,18. urguentur

mula 11,116. urinam 6,.116.

urnae 11,11. 6166611,161. uruit
6,116, 1, 108, 13,1, 15, 15.
urnae 10,111. 616661,136.

uro urit 6,160. 61116111,11.

6161615,161. 61666199.

6111661118. 611166611,168.

usquam 6, 365, 8,111, 11, 103.

61161166161111

1 · · · · 1 1
15,81.

6116166191.

6666 1, 139, 11,108. 666 13,18.
66116 11,118.

6116611. cmnp.) 1,13. 115; 1, 11.
113, 5,13, 113, 6, 56. 391. 609.
615. 619, 1, 31. 181. 138, 8, 131,
9, 11. 61. 101, 10, 13. 85. 110.
168,13,11.118,11,91.113.111,
15, 16. (6611161116.) 1, 60. 63,
13111. (part. concess.) 9, 101611).
103. (cum. coni.) 1,16.31; 3, 6.
56. 131. 181. 185. 111. 301. 310,
1,98. 119, 5, 1. 111. 130.151.159.
163, 6, 51. 15. 80. 81. 118181.
191. 139. 181. 351. 510. 518. 510;
1, 10. 11. 111. 166. 130. 131. 131.
131. 138, 8, 11. 68. 15. 81. 181.
186. 196. 111. 111, 9, 110. 110;
16, 5. 111611). 98. 161. 161. 215.
110113. 161. 311. 351. 356, 11,
103. 161, 11, 51, 13, 1. 13100.
111, 11, 15. 18. 6811. 111. 131.
119. 191. 181, 15,19. 111. 119.
155, 16,11. 11. 59. 60.

utcumque 16111.

66616161.

uter utres 15,10.

uterque 16116, 15, 31. utrumque
9,19,10,118. utroque 1, 50.

6161661 6599. 6161610309.

611116 (masc.) 11,11.11. (sem.) 6,
110. 61116 (nom.) 3,18, 6,110.
359, 1, 96. 135, 9,11, 10, 318.
{feu} 9,111. utilium 11, 51. 611-
'or 1, 81.

utinam 1, 150, 6, 335. 638.

utor uteris 6,196. utitur 5,110.
utimur 8,181. 6111161119.

utrimque 6, 581, 15, 35.

616181. 61661331. 6νί 1, 81,
1368. 61661111.

vulgus 1,11; 3, 36, 15, 116. vulgi
3160, 10, 51. 89, 11, 3, 15, 19.
vulgo 13,35. vol ' 1, 85, 8,11.

vulnus 8, 98, 15, 3. vulnere 3,
150, 8,110, 10,111, 13,11, 15,
51. 150. vulnera 5,11, 6,111.
vulneribus 611, 11,161.

1611611111. 6111611613,51,11,
16, 1616111161 1, 111.

vultus (116116 61116.) 9, 11, 10, 68.
(611.) 11,151, 13,11. vultum 3,
105, 6, 161, 10, 191.131.300,11,
189. vultu 1,11, 1, 101, 6,118,
9, 3, 10, 189, 11, 51. 110185.
vultus 8,1; 15, 56. voltum 1,
138, 8,105, 15,110.

16116211, 81. vulvam 1, 31. volvae
6,1 9,

6161 1, 111, 5,110; 6,5.15.116.
113111. 161. 318. 535. 611 , 9, 11,
1611133666 11, 161; 11,11,
11, 166. 61665616, 16611.
uxori 1, 56, 10,101. uxorem 1,
11, 3, 91, 6,18.16. 166, 11, 331.

uxoria 6,106.

Χ.
xerampelinas 6, 519.

Ζ.

zelotypus 8,191. zelotypae 6,118.
zelotypo 5, 45.

ζωή 6,195.

zonam 11,191.

--—-—-——

 

