15*

claudo 616665 9,104. claudentem
12, 96. clauderet 6, 4. 6166611
6,’129, 10,17. 51666116513, 156,
15 139’. 5166666611 13, 129. clichone,
16154, 10,1”10. 5161166161,121.
516666’ 3, 242. clauso 3,185.
5166616 3, 303. 616611 3,131.
616667 , 7’26. 5166616 14, 322
eluderet 3, 19. 51666 4, 21, 6, 68.

5166616158.

claustra 8, 261.

clavus 3, 248. clavorum 16, 25.

5166666661, 17, 6,160.

611566 9, 72, 10, 516.l clientis 3,
125, 9, 59. 51166115, 64. clientcni
5,16. ’611661661, 132, 3,1.88

61166 8, 201, 11,106.’611661614,
142.’616Ῑ16162,’ 126.

clivosae 5, 55.

clivus clivo 6, 650.

cloaca 6166.

cludit cs. claudo.

3, 61666162, 21· 6,334. 61666 11, 164.
6 5166161165, 167.

clupeise. clipeo.

5565166,28.3

6ο61662,’57, 7,,110 10, 236.

coempti ’14,’293.

556ρί1 3114, 6, 434, 12, 34. 99.
670616 737537566 11,
264. coepisset 6,113. coeperi6
14„217. coeptum 9, 79. coepto
3, 5.

coercet 8, 236.

56616693666163.) 7, 239. (occ. plur.)
66 .

55311616, 39, 13, 209.

66366165, 103. ’cognatorum 11, 86
6636611611,84,15,160.

5636121ἑὲ.,16, 18 ’5536166666 485,

cognosce 3, 288 5536635666, 474.
cognitus ’13,.9 cognita 12, 26.

6636 33311 ὲ3, ’ἓ22,, 14, 124. ῑ,ΘΞ55163111

1 656616

11,” a. erigebat log 196 566311
6,423. coegerunt 15, 121. 5631-
16116479, 13 216 5531661163,
189.6ο361165,160 56361667,
18. coacto 13,’ 133. 55651666,
134. coaetos 4,146. 5665166614,
135.

cohiherc5, 71.

cohors 6, 515· 8,127,10,18,13,
173, 16 20 6616561161,’.58 co·

Register.

hortem 5, 28, 14, 305. cohortes
7,1,64 10,94. 5111661116 12,109.
65116610,20’4.
colaphum'9,5

5511651666, 307.
6511536 3130, 8,197. 253, 11, 92.

551116 11,19’8. colli t ’13, ’146.
13 11,,’4, 132. 5561366, 146,
6516655115163 71. 5611161666. plut}
6, 296. 5511111669, 131, 14, 179.
concesse. collumhss} 10’233.
56115’,241. 85, 3,(18, 8,66; 14,
collyria6, 579.

eolo colis 7, 37. 55111 4, 61, 10,
116, 15, 38. colimus3, ’1.93 eo-
166111,’ 194;15,76. 56161152
5616611 ’14, 103.’ 651611 16, 39.
coluerunt 2, 91. colitur 1, ’115;
6616 culti 3, 116, 61, 153.
ciritae 11, 202. cultim 3, 95.
5611163189. 6611563,158.’
55151 7, 155, 14, 294 65161169, 29.
65161666 5, 75, 6, 280. colons
5515665 8 230.
651661665,103.5616111166,29.
6616166661’66.,.)6549 (66613 lue]
3202. columbos 2, 63.
65166666 14,307.561’6161665 1,13
columnas 6, 5901,4,60. 5616116616
7,182, 8, 77.

65166 14, 249.

colyphia 2, 53.

56166 2,15. 6511166913. 5611166
6, 496,11,189. 651616 2, 96.
comedit 3, 294. 6611156661 1,133;
2,53. comedam 13, 84. comesi
conice 3, 47, 4, 84. comitem 16, 55.
5616116 6, 20. 119. comites 1,119;

3 ‚353 1, 167. 111. comitum ι,16;
3’ ,284, 7, 44, 8,127. comites 6.

353. 469.

cometem 6, 407.
651611561111661,89. 566611616682.
commendat 11,208.661616666661
16,.5 65666666166, 397.
5566666666 2166.

comminus 4 99.

committit6, 436. committunt13, 164.
committas 1,163.6511616111612,
57, 13125. committere 6, 378.
5661616116, 459. 666616661669, 96
566166111116165, 39· 13,.1 commissa

 

