Wdrterverzeichniss.

11, 7. 45. 59. 99. 199199
19. 19. 91195151. 91. 19.
19, 5. 5·1. 191. 195. 111. 119.
15, 11, 95. 191991. 195.
95. 151. 199. 1111991111.
79. 199, 15, 27. 99. 15. 51.
911911). 199. 111. 159.119;

191 1, 86, 2126, 3, 265, 5,
,199;19,191.999;11,195.
6, 263, 10, 213. sedeant
. sedens 7, 127151. se·
7, 43, 16, 93. sedebat 4,
ederet 7, 224. 991119117,
991111 4, 76, 8, 63.

,71. sedem 3, 2.

15,64. 9911111999 2, 24.
191, 11, 119.

1119 6, 89.

m segmenta 2,124.

99 8, 67.

142. 9911991 1, 124, 6, 353.
134, 4, 143, 5, 142, 6, 521,
r

17, 89.

15,16ῖ.

19914137.

11399.

6, 513.

14,67.

1, 1. 13, 3,56.57. 104, 6,
78. 268. 273 (bis). 364. 366.
53. 669, 10, 73. 244. 297,
0, 14, 14. 118. 265. 267.

11,·29. 77. senatu 8, 93.
13,59.

1, 144; 3, 26, 4, 8197,
7, 35, 9,129. 139, 10, 75.
1,45; 13, 214, 14, 251.

7, 52. 9999999111 16, 245.
unt 7159.

112, 3,117; 13, 185, 14,
1. 99919 4,19, 6, 622, 8,
senem 14, 4. 999919 10,
enibus 0,166. 999191 (nom.)
591. (voe.) 19, 99.

som.) 8, 73. 19111.)15,133.
1 15, 146. 9999119 10, 246.
. 2, 62, 4,136; 6, 498, 8,
4, 205.

1, 99.

56. sentit 2, 153, 6, 362.
. 10, 215. sentire 12, 98,

,1 (Resistet).

81*

13, 5,238. sentirent 15,42. 999911
14, 311. 9999911115,90. senserat

9911111615, 142.

septeni 1, 94, 6, 642 (5191, 12, 59,

9911991119 6, 517. septembri 14,

9911131119 6183.

septimus 14,16, 15, 44. septime

151111159139. sepulcris 19119. .

sequitur 1, 121; 3, 245. 250, 6, 166,
10, 73. 117. sequnntur 16, 58.
sequatur 13, 90. 9999111111 4,
135, 14, 13916499999 (irat.) 12, 86.

99181111111118341. .

serenum 7,179. sereno 13, 228.

serius 99119 11, 93.

9911119 2,14, 3, 73, 6193, 8, 39.
9911999991 3, 87. 99191999 6, 189.
449. 9911119999 10, 88, 14, 152.

sero serta 9, 128, 12, 84.

serpens 6, 432. 538, 8, 214, 14, 114.

serpente 14, 74. serpentum 15,

159. 99 entibus 5, 91, 15, 3.
9911999 3,2 5. 9911999523.
servire 7, 41, 10, 184, 12, 106.

serviret 4, 38.
servitii 3,125.
servo 991199 9, 54. servat 3,143,

4, 66, 7,138. 9911991 14,161.

servet 14, 113. servare 2, 7, 6,

654, 11, 83, 14129262. servabat

3, 266, 4, 59. 111. servavit 3,

139, 9, 86. 991991915,71. ser-

vantur 8, 258, 14, 304. servate

12, 6. 9911919911191. 1911934, 68.

(nevis.) 10, 286. 9911919 16,16.

servetis 6, 453. servatae 11, 71.
911119 9919 (adv.) 1, 169.
servulus 3, 253, 14, 67.
servus 6, 219. 222; 8, 266, 9, 45,

10, 42. servi 6, 279, 9, 119121.

servo 1, 93, 3,131; 6, 219, 9, 5.

991191118179. servi 7,141, 6,

163; 10, 87. 9919911993167, 6,

332; 10, 234; 12, 116; 14,16. 126.

306. servis 3, 189, 6, 331, 7, 261.

servos 3, 141, 6, 511, 11,191.

9911195,66.
sescentis 7,178.
sestertia (11919.) 7,186. (acc.) 1, 92,

2,117; 4, 16. 29, 9, 41, 13, 71.
999 8, 26, 11, 32.

6

 

