W6rterverceichniss.

(ηοω sem.‚16 39, 7,,19 14, 319.
(11011100ἱ ).9,9319 337
commo (ηοω) 9),89. (aec.) 16,7.
0011ωο911119.

0011110193, 317.

0011111913, 73, 15, 118. commune
(ηοω.) 3183. (01119, 134. com·
1111191ω111.) 6,1. (μω.) 7, 55
15,157. communia (ηοω.) 8,177
(ccc.) 13, 119, 16, 7.

comoeda 3,106.

comoedia 5, 157.

comoedus 3, 94. comoedi 6, 73.
comoedis 6, 396.

compago 3, 394.

0011011013,131,13,96. comeret
6‚;436 11',130’. con 111191, 39.

0011009011,89. 00100 1111119183.

0011001001, 169

0011091109113, 15, 43.

complexibus 6379.

componis 7, 35. componit 3, 363.
0000010109, 1019Ῑ 0010001191 11,

00110011 com·
positi6‚ 13. conporiunt 6, 341.
0010011117, 185.

0011011119, 49 computet, 1 117.
0010111116,199.651;19,319.
conatus (ηοω) 3,166. (1η)19 6.
concedo concedes 13, 115. 001·
cedet 14, 7. concessit 19, 316.

. concedet1u1,170. concessum13,

concentus 19, 315.

conchis 6, 394. conchas 6, 419.

conchem 14, 131. 00111113, 393.

11111191(ηοω.,.)8191 (011)3,81.

conci ere 6 414. 00119991014,139.
0001191113, 399. concisum 14,

concipis 19,5. 1011900101 8,13.
0001909111,13, 194. 0010001111,

conclamant 17,167.

concordie 3,17, 6, 331, 19, 397,

concubitus 6, 318. concubitu 3, 39,
6, 536.

0010111111116,191. concumbat 6,

concurrgtur 15, 53. concurrentia

concutere 6, 33. concussere 16, 338.
concutitur 3,191.

001991011,19, 11, 8. conditae,

37*

00199101 11, 189, 15,118.

condo condit 6, 567; 7,185.

00191091 3, 335. 10191111 6, 353.
353. 597. 1019101113, 38. con·
ducere 3, 31, 7, 4. 101910019111
3,.111 001911019015113.001-
91101919558. 0019101116,333.
586. 0019110118,13,11,46.001·
ductum 13, 115. conductis 7, 113.
00191110 7, 46. conductas 1, 168.

conduplicari 14, 339.

confert 1, 196, 8, 91. 00190111 3,
316, 6'33. 00190113,.111117.
151. bonisne 7, 396, 19, 393.
001901013,51,11’,333.’ 0011111111
8,3,19 19 360 conferri 13 31
0011111915,15.5

confido confisus 1911, 13,58.

0019119106, 173.

0019111111 13,197.

00191001 6, 639.

conflare 13153.

1019119119, 384. confundat 7, 68.
001111113, 1.

congesta 10,'12.

0011001115,163.

000901031028, 121192.9 coniugium 9, 89,

t 2

coniungere 15,153.

coniunx 6, 96. coniugis 6, 65. 355.
313. 519, 19, 343. coniuge 1,134,
5, 77, 6, 313, 11138, 13,15,
1150.

10191901 00111 sa 6, 77.

conlusore 9, 91.

0010000 6, 89.

001016, 644. 1010191 19, 395. conata

conpsge6, 618. 00101ςί11116, 593.

conparet cs. comparo.

conpedibus cs. compede.

conponunt cs. componis.

conputat es. computet.

conscendere 696.

conscius 3, 19, 6, 339 conscia 6.
371, 13, 193, 11, 38.

consensu 16, 31.

0011990111 9183.

10111990 considere 4, 31. consedere
7,115. consederit 13, 63.

0011919111 (occ.) 1,16; 1, 18. 73. 86,
9,131; 19,316. consilio 3,163,
1,,145 6,4.97 0011919117,173.

0011911113 396.

0011001111111109111 19, 339.

0011001913191.0011090911193,7·3.

 

