24*

capto captat 16, 56.

caput 3, 236, 8, 55,’ 10, 62. 199
iiii-&isicii ³⁰¹3 iiiii ³26⁴,
11, 111.’ 11161111 s, s's;’ 5,
172, 6, 17. 207. 391. 503. 524. 538
622, 7,161, 9, 98. 133; 16, 286,
11, 97, 12, 49, 11,58. 194.

carbone 10, 131, 13, 116. ,

66116110276, 14, 24. 61166111 13,
245. 6116616 1, 73, 3, 311, 5,101,
6, 561, 10, 181. 239, 12, 123.

cardiaco 5, 32.

6116161163.

61111159. 6116111356. careus
157611111111111111118510,
3'57. (16111114, 69. carebis 14
156. 6611161616, 39. caruit 10,
287. 6111111116. 564, 11, 53.

61111112,109. carinas 16, 261.

carmen 16611 6, 133. 636, 7, 55. 82.
carmine 7, 63. carmina 1116111.)
11, 181, 15,117. (acc.) 3, 267,
7, 28.

carnifices 8,175.

caro carnem 2,116. carne 7, 76,
11, 85, 14 98 15 88 carnibus

carpento 8,147. carpentis 9,

carptores 9,110.

6111111353. 11119100. 11111115,
146. 61116110,350.

casa6, 154. 6111614, 167.

661111 il,163. 66111611 7,33. casside

11111116 14, 196

castigas 2, 9. castigat 6, 455, 14,
126. castigabis 14, 51. castigata
2, 35.

11116111234.

castro 16, 2. castrorum 6, 561, 11,
87, 11, 198, 16,15.55. castrd
4, 135, 6, 419. 575, 8, 12. 218,
10, 95. castris6,171.

castravit 10, 307.

castus casto 10,324. castum 19, 300.
castas 6, 287.

casulam 11,113. casulis 9, 61, 14,
179.

casus 116611 1,107, 13,9; 15,119.
(pen.) 3, 273. casum 1, 90. casu
13,132. 6116116661.) 15,95. (acc.)
3, 214, 12, 17. casibus 13, 86.

catellae 6, 654.

catelli 6, 551. catello 9, 61.

Register.

catenae 14, 23. 66111111 13,175. ca·
tenae3, 309

catenatae 3, 304.

cathedrae 7, 203. 6611111111 1, 65,
9,.52 6111161116, 91. cathedris

catinum 6, 343. catino 11, 108.

cauda 7, 212. 1111615,82.

6116111217.

caveo 11,131. cavet 3, 283, 14,
274. 66119120. cavebis 8, 37.
cautus 6, 661; 7, 163. 1111116,

caulis 1, 134; 5, 87. caulibus 6,18.

cavo cavat 6, 218.

caupo 9,108. caupone 6, 591.

causa 2, 131, 6, 202212, 8, 215,
9 9,1, 11,11, 11, 226. 290, 16, 19.
causae 7,155, 13, 109. oausam
11, 32, 15, 131. causi 11,111.
causae14,173. 16111112,51;3,
147. 315, 848. 81, 10, 139. 278,
11192 11611113182.
causidicus 6, 439. causidici 131,
10,121. causidicum7, 136. cau·
sidicorum7, 113.148. causidicis
7,106 causidicos 15,111.

cacus cavi7,111.

61661,511;13,111

oe‘do cedit 4, 123, 7, 38, 15, 46.
cedunt6, 438. 515. 616111,1.10
cedamus 3, 29. cede2,131; 6,
57, 7, 219. cedere 11, 50136
6111611163, 239, 4,.56 6111114,63.

celebrcs7, 3.

celebretur 3 219

661611 15, 75. celeres 11,125.

61111616122128. 61111128.

celo celare 9, 93.

celsi 8, 194.

cena 2,120, 5, 21. 85, 11, 78. 111,
14,170. cenae (9.6111 1,133; 1,
30· 5,9, 10, 230, 914 136, 15'211
(6111141. cubam 3, 273, 6,
202,15,14.661116,641.66611
1,115,5,117.11111110362

cenacula 10', 18.

cenatio 7,183.

ceno cenat 3112, 11, l. 12. cenes
5,112. cenet 8, 85. cenare 3,
168, 11,13. cenavit 1, 95, 10,
235. 61111661 5,166, 11,120.

censes 1131, 13, 140. censebunt
6, 500. censeri 8, 2. 71.

censor 9,142. censoris 11, 92, 11,
50. 611116112121.

 

