Wbrterveneiehniss. 47*

11, 61, 16111161, 11, 666111,
15,5.115. 161111,16, 6, 66, 6,

13, 50. imperio 16166. 1631-
1111111111.) 10, 151, 14, 331. 1 l.)

194; 8, 275, 12,112; 16, 5. 111161 11, 87. inperii 6137.
(ma-sc.) 6, 539. (som.) 6, 572; 10, impero imperat 6, 64. 221. imperet

616. 6611111111.) 1, 66. 116, 6, 11,

6, 16. 616, 1, 16166, 6, 66.

5, 51.

impetus 15, 52.

616, 16, 61. 61. 666, 16, 116, implet 2, 66, 6 116. 616, 6, 66, 11,
30. 288. im lent 6, 310. 116 leret
5, 661. 1616111111 1, 11. 1166111616
92108126, 11,23, 1678111661 14, 215. 6661616169, 90. 116·
1116161621. impleri 5, 75. 16-
{let 6161. inplere 1,63. inplevi

13, 203, 14, 223. illum 3, 74,

6, 116. 166, 6, 666, 1, 166, 16,

3134, 6, 182. 271. 651, 14, 81.
illud 3, 208, 4, 102, 6, 33. 53.
203, 11,68. illo 4, 109. 130, 5,
139, 6, 269, 7,109; 10, 197. 278;
11,61; 12, 20. 11166155, 3,117.
271, 4, 84. 93, 8, 73, 9, 149, 13,
73· 14 121 273 274 311 11165

4, 327. 16 laverit 2, 58.

imposito 6,3 . inponit 6, 444.

16666116 7, 229, 12, 84. inponere
3, {g} inponet 16116. inpositas

22’3 6, ’1661661666 6116166 img'robit'as 15, 666. inprobitas 16,

6166116,11,111,11,16166

3

16116611. 6611,16,111.616111111’ 6111111111 6, 666, 6, 66, 1661. 1111-

15, 105. 11111(111.11111.)1,11.116,
6, 61. 166, 6111, 6166, 616111,

proba (116111. 61119.) 6, 86. 605, 13,
3. inprobior 4,106.

10, 350. 352, 11, 128, 13, 166, 16, impune 4,152. inpune 1, 3. 4.

16.(]1111.16,611,6,61,16,61;16, 6111111116116. 11,)11161,11. 111-
55. 611116.) 166, 16116. 6161 putat 611. 15.

1,170, 2,45. 156, 6,110, 8,167. 1616616168,17. 1111113,200.
661, 6111. 161, 16166, 16116. in (111111 111.) 1, 66. 111. 115. 116,
6111 6, 611. 611 1, 166, 66116, 6166616166. 166, 6, 11, 66.
9, 39, 10, 26. 11111 (1611111111,
36, 4, 41, 6, 348, 8, 258, 9, 122,
113, ,ἐξ 166. 161. (sem.) 6661,

, .

illio 1, 91; 2, 159, 3, 98170. 177.
161, 61616, 666116, 6166,
621ι19,16, 666, 16111, 161 155).

11111111,166,6,61, 1611, 16, 161.

illuc 3, 21, 6, 339, 12, 53.

· 6, 66, 16, 221. imagine7
2 ,8,18, 11, 18.

11611611667.

1116111111 1,16. imitantur 11, 161.
imitandis 14, 40. imitatus 12, 34.
imitata 5, 611., 16166.

1611111116116. inmane 16161.
inmanem 14, 162. inmanes 15,18.
1616661615,101.

1166161116 (1161. plur.) 7,111. 16-
mennae 1911111119.) 11,196.

immo 10, 321, 13, 108, 16,9.

1116616116118.

16611661 11.

66. in 111111 16161.

inferii 6165, 11, 105. 16161116 5,

35, 10, 313. 1616611661 10, 79;

55. 62. 78. 122. 225. 227. 280. 322;
4, 68. 73. 120. 128115, 5,142; 6,
183. 311. 410. 431. 196. 521. 522. ,
543. 563. 623, 7, 7, 8, 180, 9,
111, 10,18.46. 65. 87. 160. 180.
251314, 11.10.156.201,12,110,
13, 18. 69. 155. 216. 226. 214, 11,
130143291318, 15,16.78.151.
(cum ahl.) 1, 6. 101. 107. 133149.
150. 155, 2,18. 57. 75. 73. 107.
108. 133. 150. 162; 3,22.79. 117.
132143152162. 171. 176. 235.
218. 265. 296. 310, 1, 6. 19. 71. 93.
97, 5, 41. 101. 153, 6, 2. 56. 58
(bis). 65. 88. 107108151. 157.
165. 169. 171. 191. 196. 228,
212. 250. 259. 269 1611). 274. 279.
381. 102. 412. 437. 488. 497. 528.
56157358816161596, 7, l. 8. 28.
121318. 52. 79. 107. 126. 115.
178. 208. 211. 241, 8, 3. 14, 37.
61. 73. 111. 121128. 136. 110143.
172. 200. 220. 238. 239. 241. 215,
9, 13. 1812. 80, 10, 1. 27. 38. 50.
86. 93. 136. 147.175.181.195.217.
239. 244 (516). 279. 306. 307. 334.
356, 11, 11. 21. 22. 25. 29. 31. 36.
38. 54. 59. 72.80.91.101.106.109.

 

