62* Register.

(nom.) 44, 292. (aes.) 43, 42, numerum 9, 90. numero 6, 385.
14,97. numeros 6, 249. 0011101186, 576.
0011111812118.0010111086,361.101111111110011.’11’19,1 .
nubit 1111. 00111116,591. nube 11,139. (1101110110) 13,131,
2,.61 nubere 19, 330 338. nu· 11, 269. nummoruml, 444; 3,
bentibus 2,137. nupsit 6,141. 113, 8,1.01 0010111086, 111Ξ1,
11· 111111· m...

1111111,11)’1,111’;1111.1111 1111111 ’
6.122’ 191525, 7, 35· 15,51.11011’1001.111,1 1, 2168, 3,.44 121,
0011011111, 172. 1101116, ’2’12, 11, 4,.89114, 5’,32,6,’601’,8,183.
368. nudum 3, 216, 8, 265, 9, 226. 252, 9, 466'136: 16,’68. 181.
35. 0011111111, ’106 ’1101104 49, 311, 11,’ 15, 12, 74, 44, 26 224
7, 16,11.13. nuda 4, 23. 65. 321, 15,’ 34.
1111110’ 11, 96. nudis 6, 666. nu· uum 0111112, 51, 11, 56.
das 1, 84. 11011113, 216. nudis 110110”,1 39. 95, 2, 37. 162· 3, 13. 36.
(masc.) 1, 43. 11211116, 191. 589. 49. 58. 225. 2’68, 4, 1’1,’5, 113.
110 ’84, 150. nugas 44. 444. 141, 6, 292. 366. 345. 393. 6’59, 7,
110 081’,139, 2,116; 3,22, 5, 138, 36.’94.’ 149, 8, 168, 9, 12. 125,
6, 33. ’656, 7,’ 8, 9, 1’3, ’16.’ 366, 16, 43. 79. ’216 2253 316, 11, 64’
1’4, 224, 45, 3’1. 11111111 2, 8· 4, 79. 126. 183. 264, 12, 48.’ 57, ’13
19’7, 5, ’,8 6,161. 189. 261. 221’ 28. 69, 14, 29. 87. 88. 172. ’189
242.’ 333. 357. 598. 586, 7, 39. 187, 250, 1’5, 76. 97. 110. 172, 16, 35.
8, 64, 11, 126. 131, ’12,98. 111 1111111181 16’, 216.
16111, ’1’,1 174. 1101111016 56, 6, nuperl, 11’1, 2,,29 4,;9 8,126, 9,
291, 8, ’128 9,.27 8216611, ’13’ 22, 12, 16’, 1’5, 44.
118.’ 1111111086, 379. 00111 (masc) 1101081,’7.7 1101011114,220.
1, 7. 163, 3,’;47 4,139,10,77,1108001013,125,5,,8 8’,152.
12, 106, ’155511011116630 1101111113, 256 11061106, 411. nu-
1111110111’3, 278, 6, 574. 1111111110 1011100115,156.110101’11182,125.
6,,268 1’2, 32, 14, 19. nullum 0011100117,148.
’1’6,365’,12,21’,13,126,14,315.1111111114,7’.5 1101111083,117;12,
1101104152, 7’166, 8’193’; 13, 12. 01111111385.
87,15,26.111’1111“ι4,’,2 10, 110 nutrix 1101110116593. nutricem
1111110296, 32894, 85411, 6,3,54 7 214
116,13’,30’.1’101113.’197’. 1101111 111100110011111,119.1100085144.
3,22, 197; 16, 25, 13, 42. 0111118
8, 2111 1101108’6,1’3. 0011181911.
1311111111,111111111,11, 0·
60.110111811110106,566.130111.) 01121126, 5, 119. 136, 6, 46.
κ 13, 181. 13110011) 11’, 64, 14, 465. 222. 317, 7, 26. 159, 9, 162. 134:
numen 3, 19. numinis 3, 138, 6, 10,122.157.159,13,140,11,186.
342, 13, 202. 219. 11111000 ’10, 211, 15, 10.
111; 11, 31. 111; 11. 11. 111. 05 11, 11.
numine 13, 231. numina 6, 568, obductis 9, 2.
11, 182, 15,11. numinibus 16,111. obn (perf.) 6, 559.
317 numina 15, 36. numinibus obiter 3, 241, 6,.481
131801110011111 11, ’265
0011101016, 169. numeres 8, 131. 06110012, 91. 06110007, 221. obli·
110010101511 0011108119, 11, 13, uas 3, 64
26001110111816,1. numeruntur, 1161111, 613, 10, 204.
6382.00001001019,12.1101110·011100119129.
1111114131 obruit 46, 444. obrutus 44, 297.
numerosa (nom 1111110 151-1.αο0 0010111156.
plur.) 46, 105. obscaena 6, ’298 obscaeno 6’, 513
numerus 2’, 16, 6, 229 7, 102. ο1180101118’2,9,11,174.

 

