Wtrterverzeichniss.

75,12,123,14,55. tabulis 1, 68,
4,19, 8,102.

1311111313 (nom.) 3, 199, (acc.) 10,

1303013127. 13031 stt. tacet
6, 439. 13031115,169. 1303331
1, 101. 115. tace 1, 51; 1, 11.
tacendae 1115. 3111111 111.
tacendis 3, 50.

133111113297, 9, 94. tacite 11, 187.
1301133113209. 1301131167.
1331331359. 1331131,155;2,01.

13311112, 158.

taedia 1, 11, 11, 1111, 1111.

13311313 3, 265, 10, 191. taeterrima
6,418.

131331314,274.

talis (110111. forn.) 2, 156, 12, 103, 13,
47, 14, 166. (pen. sent.) 11, 207.
131331113111, 46, 8, 179. (sem.)
2, 69. 1313 4, 22,15, 14115. 1311
5,173. 1313111,90.182. telin
12, 23. 131318,202. 1311110,
111. talia 1, 11. 11, 11, 1511115.
311131 (mm.) 11, 11, 11, 111.
(neustr.) 15, 93.

1310 7,16.

131111, 31 (bis). 137, 2, 48, 3611111.
137, 4, 95. 96, 5,10. 163, 8, 119.
111111,11,5.155;11,11.11;11,
7. 23. 58. 75. 126, 14, 27, 15, 23.
121, 16, 25. 26.

131511,11.11.111;1,11.115.151;
3, 2. 98. 208. 243, 302, 4, 11. 59.
69, 106, 5, 6. 15. 2472137, 6,
25. 55. 58. 103. 128. 191, 181. 253.
286. 355. 359. 369. 413. 434. 557.
566. 569. 592. 614. 640. 660, 7,17.
48. 93. 103. 135. 202. 216. 228, 8,
47. 188. 195. 198. 232. 249. 255.
272, 9, 38. 91. 107. 122, 10, 142.
154. 171. 179. 240. 291. 354, 11,
25. 62. 134. 168, 13, 100177192.
204. 239, 14, 6693. 107. 226. 272.
316, 15, 59. 113, 16, 20.

13111 unm 3, 47. 222308, 4, 147.
11 ; 5, 111, 1, 111. 511. 5111, 1,
232, 8, 40, 9, 97, 13, 67. 69, 14,
111. 112. 243, 15, 174.

tndem 1, 111, 1,11, 5, 111. 115.
467. 564, 8, 87, 12, 75, 13, 238.
111;11,111.

1333113113, 89. 133331 14, 44. 133·

3114,219. tetigit 2,128, 7,

tantus 131113 6, 440. 501, 10, 306,

87*

15,120. 13311131 2, 127. 13311
(masc.) 131115. (1131111.) 3, 54, 4,
26, 5, 9, 6, 137. 178. 6261511),
10, 97. 343, 13, 96, 14, 290. tan·
tum (00311313.) 10, 40. (nostr.)
3, 144, 6, 595 (513), 8, 240, 10,
238, 14, 159. 233. 13310 14, 27.
13313 7, 84. 85. 13310 4, 18, 8,
140, 10, 140, 14, 264, 15, 89.
1331116,161,12,114,14,303. ten·
1113113110.11,1.131.136,3289302,
4,4; 5, 165, 6, 373. 657, 7,1.31
1011151181, 8, 31, 9, 134, 10, 80.
231, 11,37. 150, 14, 51. 278, 15,
118149. 166, 16, 44.

1131311313 tantumdem 3, 208. tan·
1331131310,91.

13111311, 107 . 1311133115,82. tardi
10,186. 1311101 4, 44. 13111111
14, 248. 1311156477.

133133 6, 402.

1311111111,11. 13310 8, 82.

tectoria 11467.

tectum (nom.) 6, 304. (aec.) 15, 154.
13010 3, 211. tecta 6, 289, 8, 77.
1331111331 3, 8. 1331113269.

13331115, 8, 7, 221. 1333131116117.
133313 9,140.

tegimen 6, 257.

1331111, 158. 1331131 16, 48. 133331
9,105. 133319101. 1311113,
195, 6,14. 13311311,171,5,154.

te ’ 11, 111.
epti 1111.
135 11, 11.

tellure 3, 89.

telum teli 15, 53. 131310, 164. 1310-
1331 13, 83. 1313 13, 232, 15, 65.

temerarius 5, 129, 14, 275. 13313-
13113 5,102.

temetum 15,25,

temone 4,126, 10,135.

tempero 3, 287.

tempestas 12, 24, 13, 228. 13111-
3311313 4,140, 6, 26, 7,2. 164,
2, 61, 14, 302. tempestatibus
15, 20.

113131113147. templum 13, 219.
1331310 1,113, 9, 24, 13, 205.

templorum 11, 111. templis 8,
111, 11, 11, 11, 1, 11,.11. templa
15, 42. 1311131118143,

temptes 3, 297. 13111313 7, 175.
temptare 10, 305. temptarent 7, 5.
temptaveris 5,126.

tempus 2, 115, 8, 150, 16, 49. 1331·

 

