66*

234. 235. 30816161. 313. 321 ; 11, 1.
44. 15. 13216161. 136. 14216161. 156.
151. 158. 186; 12, 12435266.
93. 102. 103. 121. 13016113 13, 6.
8. 12. 22. 4316151. 46. 51 1166191
(bis). 114. 12116111. 121. 128111.
184. 211. 225. 249 16113 14, 6, 21.
4316111. 48. 52. 93. 98. 111. 130.
148. 113. 201. 225. 246. 218. 328
(bie). 329; 15, 65. 81. 101. 1241616).
129 161113 16, 9. 18, 50.
necdum 1, 6; 6,136; 11, 61.
6666666 3, 290.
1166666661 10, 316. necari 13116,
necandos 6, 596.
nectare 13, 44.
66661118. 66616 6, 51.
nefandae 13,114. nefandi 15,116.
nefanda 15, 165.
66166166612121; 13, 238; 15, 9.
12. 1666.,;1883 13 54 14, 188.
negleegis,2,131. neglegit 9, 92.
etum5, 16. ne leeta915.
neqo ne 11,·19 3208. negem
1,.165ga neget 16, 81; 13, 11.
negabie3, 158. negabit 14,134.
negaverit 10, 321.
663 6116 (.nom)14, 264 1666111,183.
66166 2, 83; 3,46. 112. 21115133 4,
8, 119, 596. 108; 6,.1144216161.
562. 631. 628; 1, 11. 45. 139. 151.
22316163 8, 45. 121; 9,106; 11,
93; 13,3.16. 131. 113.192; 14,
59. 201. 233; 15, 8. l6.
nemorosa 3,191.
”retesti 6
nemus 3,13. 6616616 15,152.161.
nemorum 4, 6.
nepotes 166611 8, 61. (ace.) 2,128.
neptes 6, 265.
nequam 6, 191.
11311 1931156112666 1, 593 6,
116; 11,36; 11,111.
nequeo 3, 42; 1, 56. nequeant 2,
neq quiquam 8, 205.
nequitiae 14, 216.
66166610, 205. 66161935.
6666161,130; 3,41; 11,48; 16, 30.
neseis 3, 200; 5, 159; 13, 33. 34.
6666115, 60; 6,.241 361, 12, 28;
14,231,15,1.6666161 10, 360.

qgsqqqq6¹ 188;1,9.1 nescierint

Register.

nescius 11, 166. 666616 13, 240.
neu 14, 203.
ni 3, 321; 9,11; 10, 339.
niceteria 3, 68.
61116165,162.
nidus nido 1, 116; 5,143. nidos
6131613294. 613115,;5313245
66, 165, 1, 221. 6136661,
19. 61311666, 126. 61 16,
11. nigru 163, 30; 6,34.
6, 3161gm315, 49. ’10,145.
6131661,12’.6ἰ3166,150 nigra
6161116616.) 3, 84109. 112, 4,10.
99; 6,.213 284. 331. 460; 10,1.55
1666.13,;209 5,.;6148 611131,
11; 8, 15· 10, 360, 13, 18. 221.
nillilo 5,134. 61116616.) 1, 141,
6,;3241,166;8,.;5364 1671.
8'2; 14, 44. (boe.) 2,139; 3, 51
(bis). 152. 208. 295; 4, 22; 6, 58.
86. 113. 212. 222. 234. 451 (bie).
664; 1, 54. 206; 9, 34; 10, 12.
346; 11, 121 16111ς 14, 91. 185.
2941651313 15, 88. 118; 1612.
mmbeae 4, 81.
nimbus nimbo 5, 19. nimbos 1,163.
nimbis 1,81.
nimirum 2, 104; 1,18; 10, 248;
11,11.
nimis 6, 445.
nimius nimis 12, 91. nimiae 11,
196. 6116111616, 46. 6161161013
15,11. 6661616252. nimios
1ο,101;11,111;13,11. nimias
nisi 1, 156 1, ro. 116 6, 166116.
518. 581; 1, 63. 81. 140; 8, 53.
11. 1993 16111316 11, 116
11, 103.
611611,181; 15,.4 nitent 12 91
nitentia 12, 88.
nitidi (qm 31666.) 3, 151. 111661
plur.) 11,118. nitidis 14, 2.
6111116668. nitidas 14, 60.
nitor3‚ 180, 9,13.
niveus 5,10. nivei 1, 221. niveam
12, 3. niveos 10, 45.
nie nivem 10,152.
nobilis (nem. meac.) 6, 81; 1,191;
8, 41. 66. 199. 253; 15, 1131 len.)
8,49 nobile 11, 95. nob um
1 91 nobilior6, 116
nobilitas 8,20. 139. nobilitatel,

 

