Werterverzeiehniss.

ΜΜΜΜΜΜΜ
ΜΜΜΜΜΜΜ
ΜΜΜΜΜΜΜ
ΜΜΜΜΜΜΜΜΜΜ
ΜΜΜΜΜΜΜΜΜ
ΜΜΜΜΜΜΜΜΜ
ΜΜΜΜΜΜΜΜΜ
ΜΜΜΜΜΜΜΜΜ
ΜΜΜΜΜΜΜ
ΜΜΜΜ9119Μ11Μ11
ΜΜΜΜΜΜΜΜΜ
ΜΜΜΜΜΜΜΜΜ
ΜΜΜΜΜΜΜΜΜ
ΜΜΉΜΜΜΜΜΜ
ΜΜΜΜΜΜΜ
ΜΜΜΜΜΜΜ
Μ.ΜΜΜ;ΜΜΜΜΜ
ΜὼΜΜΜΜΜΜΜ
ΜΜΜΜΜΜΜΜΜ
ΜΜΜΜΜΜΜΜΜ
ιΜΜΜΜΜΜΜΜΜ
ιωΜΜΜΜΜΜΜΜ
ΜΜΜΜΜΜΜΜΜ
ΜΜΜΜΜΜΜΜΜ
ΜΜΜΜΜΜΜΜΜ
ΜΜΜΜΜΜΜΜΜ
ΜΜΜΜΜΜΜΜΜ
ΜΜΜΜΜΜΜΜΜ
ΜΜΜΜΜΜΜ
ΜΜΜΜΜΜΜ
1ΜΜΜΜΜΜΜΜ1
3ΜΜΜΜΜΜΜΜΜΜ
Μ9ΜΜΜΜΜΜΜΜ.
ΜΜΜΜΜΜΜΜΜ
ΜΜΜΜΜΜΜΜΜ
ΜΜΜΜΜΜΜΜΜ
ΜΜΜΜΜΜΜΜΜ,
ῙΜΜΜΜΜΜΜΜ.
ΜΜΜΜΜΜΜΜΜ
ΜΜΜΛΜΜΜΜΜΜΜ,
ΜΜΜΜΜΜΜΜΜ
ΜΜΜΜΜΜΜΜΜ
ΜΜΜΜΜΜΜΜΜΜΜ
ΜΜΜΜΜΜΜΜΜ
ΜΜΜΜΜΜΜΜΜ
ΜΜΜΜΜΜΜΜΜ
ΜΜΗΜΜΜΜΜΜ
ΜΜΜΜΗΜΜΜ
ΜΜΜΜΜΜΜΜΛΜΜΜΛΜ
ΜΜΜΜΜΜΜΜΜ
ΜΜΜΜΜΜΜΜΜ
,ΜΜΜΜΜΜΜΜΜ
ιΜΜΜΜΜΜΜΜ
ΜΜΜΜΜΜΜΜΜ
ΜΜΗΜΜΜΜΜΜ
1ΜΜΜΜΜΜΜ1

31*

2631619). 268. 211. 215, 216. 283.
285. 289. 290. 292. 291. 299. 302.

. 308. 318, 15, 9 (bie). 22. 24. 29. 34.
35. 42. 41. 50. 53. 51. 59. 61. 62.
68.11.14.19.86.89.101.105.113.
126. 128131. 1401619). 141. 150.
152. 166. 161. 114, 16,6,11.14.
15. 11. 22, 21. 31. 38. 46. 48. 51.

91115ροῖεέροε.) 1, 51, 6, 422, 9,108;

, 0.

91- 91 2, 145, 3, 1449. 2049. 301,
5, 11. 519. 104-106. 110, 6,1019.
296. 386. 592, 1, 1. 33. 31. 13. 131.
1901, 8, 93. 249, 9,123.132, 12,
419, 13, 88. 191, 14,19.12. 1439.
156. 151. 255, 15, 65.

91 2,146, 16, 362, 13,

91- 91-
95,14,231.

91-9191198,110. 91-1199 6, 31.

91-9119111 1, 151619). 100, 2, 136.

143; 3, 92. 144. 305, 4, 34. 41. 81,
5, 26111, 6, 15. 45. 231. 260. 296.
332. 444. 451. 546. 552. 615. 644.
660,.1, 88. 265. 239, 8, 89111.
163, 9, 19. 21. 32. 88, 10, 43. 51.
52. 126. 183. 311. 326. 354, 11,
111, 12, 112946, 13, 82. 84.
102121. 141154, 14,4.99.119.
111. 243, 15, 41. 103, 16, 66.

9191111118,111, 16, 4.

etiem 2, 69, 5, 91, 6, 192. 512, 8,
181, 9, 26, 11, 36. 92, 12,38,14,

9191 1,113, 12, 119, 16, 9.

evado evadere 12, 35. evasit 9, 65,
1Ξ,1ξὶ evasisse 13, 193. evaserit

evehit 1, 38.

eventum 11,198.

evertentibus 12, 31. 9191111 10, 108.
evertere 10, 1. eversum 3, 258.
eversa 10, 266, eversis 11,101.

euhoe 1, 62.

eunucho 6, 318. eunuchum 12, 35.
eunuchi 6, 366.

eurus 11, 119. 9111111110, 180. euro
12,63. 9111ο914,186.

ex 1, 81, 2, 36, 3, 39. 139156, 4,
134148, 5, 134, 6, 294. 451. 518,
1, 123. 216, 9, 83, 10,39. 6311,
11,55. 111124 132, 13, 24, 14,
40204. 261 cf. e.

exaequet 12, 130.

exag1tare (= exagitaris) 6, 20. 911-
agitata, 2 88.

9191191113, 68.

 

