· Worterverreiehnies.

mimue 3131, 8,198. mimum 5,
608,13,110.

mimam 1131.

fflsbrmffii.3’mimm 5, 33, 11,
161. ministro (3111.)2,98, 3, 46,
11, 11.

minor 1111111111127, 14, 294. mi·
1111111113256. minetur 6, 569.

minor (mooe.) 3, 160. 203, 4, 41, 7,
11, 11,31, 13133. isam.) 313.
125, 5‚168; 6, 504. 616, 14, 165,
13,113.. minue 7, 207. minoris
11131311.) 4, 25, 7, 187. minorem
(more.) 8,4. ( sem.)4,613 12,56. mi-
norib‚513; 13, 48. 111131336,145.
499. 1111311110, 101. 1111131333.)
1, 11, 3, 113331. 313, 9,15; 13,
311, 11,119. mmmm 19, 111,
13,179.111111136,91.1111111311
13, 3. minimam 13, 13. mmi-
11111116135, 15, 24. minimo 1,
14. 1111111112161. minimo 5,
119. minimis 3, 313. minimam
3,111;11,111. minimis 11,.33.
121113111ιὲ 4, 8. minimum (udo.) 6,

31,,,311311113...1;

1111111114129.

1111313,133. minuto 3, 313, 9,
191. minuam 11131,

111115013398.

miratrix 1, 31.

miror 11113111390, 4,102;13,162,
11, 113. miretur 11, 195. mi-
remur 8, 68. 1111131111,100. mi·
131113 12, 16. mirante 2, 67. mi·
rabuntur 10, 127. miraretur 8,
264. 11111131312,78. mirandus
13,131. 1111131 1, 133. mimm-
(11111331131131311.) 10, 32. (occ.) 12,
,242Ί1111111113 13, 65. mirande
o, .

mirus mira 8, 198. miris 13, 70.
mire 14, 24.

11113331 1, 70. misceat 2, 25. misce
11311. miseere 5, 61. miscuit
3, ii⁰³ 19,153; 11, 111. mixtos
11, 5.

11133111113311,20.

misellus 13, 213.

miser 4, 23; 9, 45, 10, 332. misera
14, 304. miserum 8, 76. miseri
6, 463. 1113313313311.) 3, 288, 4,

57*

11; 3111. misem (3111311113,
5, 91; 19, 133, 11, 113. miserum
13,48161. 111131311818, 9,113,
miserum 3, 6, 7,161. miser (333.)
1, 11. 111, 13, 111, 11, 31. mi-
seri 2, 159, 6, 424. miseris 1,
134, 8,122. 111331337,154, 10,
296. miserrimus 11,12.

miserabilis 2,18; 12, 67. 1113313-
bile (113111.) 3, 166, 9, 147, 12, 73,
15, 97. (311.)3,276, lotoe. (ado.)
6, 65. miserabilior 9, 6.

mirerere 8, 89, 12, 25.

13133131 miserantibus 15, 101.

mitio mite 4, 82, 13, 114. mitem
11, 15. mitior 6, 486. mitius 10,

mitra 3, 66.

mittit 3, 45, 11,124. mittitis 6,466.
mmm 5, 113, 3, 133, 3, 33. 13.
mittat 1,11. mitte 8,171.172.
mittere 12, 43, 13, 114. misit 2,
143, 4, 20, 5, 92, 10,132. 1113-
311113 5, 32. mitti 6, 563. 111113-
bantur 5,108. 11111311112,169,
14, 147. missua 11, 63. mierum
13, 230. 1113331114. missio 6,

mobilis 13, 236.

moderantem 11113.

modesto 19, 300.

modicae 4, 30. modioam 13, 143.
modicia 12, 66. modico 9, 9, 10,
289. modieis (dot.) 5,108. (abl.)

modium 3, 220. 11οά13 14,126.

113113 2, 73. 135. 160, 3, 254, 4,77;
3, 31, 3, 195. 311, 1, 131. 133, 3,
33113131, 3, 33. 111, 11, 33.
298, 15,98,119.

11311133310, 14, 172. 1131111116,
359, 8, 88. modo 5, 275, 7,100,
13, 73, 14,117. modia (351.) 6,
406, 7,19, 9, 73.

moecha 2, 68. moechae 6, 278.

1133311113 9, 25, moechi 1. 55. moe-
31111116, 100. 464, 14, 30. moe·
chorum 6, 42. moechis 6, 465.
moechos 2, 27, 6, 24, 10, 220.
311, 1113.

moenia 6, 83, 15, 28,

1131311867.

molari 5,160. molares 13, 212.

11313111626. mole 12,12. moles

molesta 8, 235.

 

