32

W6rterverzeiehniss.

1111111111 6,102.

113331116111111111 1, 111. rude 6,

1111111111.,)11100.143.11113234,
1111111,11’.

13, 215. 113111 14 325 rugae
m331443 9,.9 1131110193. 118311
1111111110,101.111111113,130.11111

3, 196, 11, 13.
rumores 6, 408. rumoribus 9,111.
rumpit 10, 153. rumpe 1, 111. rum-
pere 5, 19. 11ρ11119,15, rum·
3111116,416.111114,42.11111
14911115,;486,12,14,85.
iuptampa ruptis 15, 51.
ruo ruant 8,11. 11111111 6, 618.
ruit 10, 268 ruerint 8, 93,
rupem 13, 246. rupe 10,93,11,
105. rupes 5, 93. 1131161118
rursum 12,16.
11111111,155,10,150,
rus 14,141. ruris 11,98, 14, 155.
182, 16, 36. 11116,55, 1111
14,15.
russati 1,114.
rusticus 3, 67. 116, 9, 60, 14, 25.
rustica 6, 66.
rutilus rutili 14, 299.

8.

sabbata 6,159, 14, 96.

saeculus 11, 21, 14, 138.

saccus sacci 14, 269.

sacello 13, 232. sacellis 16, 354.
111111111113 221 1111111111111.)
3, 13, 11, 29, 15, 4. 11111111.) 6,
22;15,116. 1111111110, sacrae
13, 59. sacrum 13, 15, 16, 38.
1111116, 536· 13, 19.
11131131511413111115,141.1[111,,14
11111111111111 16, 36
111111113489,

1111131313118Η106, 13, 150. sacrilega
1111111111 sacro 11, 86 111116, 336.
sacrorum 2,113. 1111113125,
13, 101, 14, 103.

1111161111.) 6, 24; 13, 28, (aec.)
3,313; 4,66; 6, 299, 10, 248.
3131111 1111111

saepta 5, 81.

saetae 2,11.

saevit 5, 94, 15, 54. 126. saevire
10, 180, 14, 18.

1111111114151. saevitiam 4, 85.

saevus 10,126. saeva 4, 95, 14,
115, saevae 3, 8. saevo 10, 236.
saevit 5, 18, 8, 223, 10, 301, 13,
110, 15,11. 11111115164, 111-
vos 1,151,10,361,14,148.
1111111229, 1111611. 1111113,
186111111111111114109 1131111
6, 292· 13, 196, 15, 115. 111-
3111331311 (.nom 11119.) 111311 (1111.)

saga 6, 591.

1131114,61.

113111113139, 1,156. sagittas 6,
112. sagittis 15, 14.

111116611311.

salicti 11,611.

salit 1, 160. salientibus 6, 599,

1111116, 1123.

salius 1111111 6, 604.

saltatus 15, 49.

saltem 6, 335, 9,148.

11111111111111115,121. saltante 6,

1111111,126, 14, 82, 1111111,119;
10,194.

salve 8, 26.

salus salutem 12, 49.

salutatrix 5,21.

saluto salutat 8, 161. salutes 3,
184, salutet 1110. salutari 10,
90. salutato 1,116.

salvus salva 5,12. salvs} 6, 231,
11, 204. salvis (masc.) 1,48, 9,
131. 3111111311.

sanabile 15, 34.

1111111824. 1111113121. 1111-
11113109. sancti 1, 209. 1111-
111113,131,13,64, sanctam 14,
68, sanctos 10, 298, 1111111115,
10. sanctissimus 4,18. 1111-
1111111111,112.

sandaFilarum 8115.

sane ,42, 416, 5,123; 9, 46, 10,
183, 12, 124, 15, 44. 61.

sanguis 10, 211, 12,13; 13119.
1331311 3315 33⁵3
’1 1 · 1 1 1

, 625, 8, 2. 2142. 136. 219; 16,

121.301; 11,6. 02, 15,58.92.
11111 6, 306.
sano sanant 1,110,

 

