Register.

223, 14, 61. 131. 200. 221. 242,
15,22. 163, 16,33. (111]’]ῐ.1.)1,101.
168, 3, 64. 15. 216233, 6, 34.

. 463, 8,39, 13,31.

cum (port. corresp.) 3,118.

⁰uiii⁰iiifniuii (iiiiiidisi’di'

. , , . ¹ . . .

115135, 4, 14. 11, 5, 60, 6,116.
204. 264. 211. 303.304(11“1,1.308.
314. 421. 434. 458 (dns). 542. 511,
1, 62. 63. 83. 86. 108. 151, 8,158,
3,63. 148, 10, 26. 111. 252. 253.
256. 230. 313323, 11, 36. 148,
13, 35. 40. 103. 146. 224. 231, 14,
10. 33. 80. 83138. 141. 216. 235.
311, 15,138, 16, 23. (cum coni.)
1,11.22.24. 26 (hta). 32. 31. 55.
58.61.61. 111, 2, 3. 32. 66. 101,
3, 38. 128. 231, 4, 29. 31. 41. 138,
5,10.53.18, 6, 2. 5. 11. 3132.
188. 216, 1, 3. 6. 226. 242, 8, 81.
36. 120. 151. 201, 16, 52. 158.
282, 11, 31. 60. 30118, 12, 20.
3033, 13,114, 14, 51110136
(bis). 230, 15, 13. 31. 166; 16, 24.

cumbae (9111.) 4, 45. {dati 12, 80.
111111112151.

cumulus 3, 210.

11111111116,83.

cunctatio 6, 221.

cunctus cunctati, 618; 12,31. cunc·
tis 111111.) 6, 314, 11, 143, 15,33.
(secute.) 10, 23. semotus 13,101.
cunctas 1, 145. cuncta 6, 130.
410, 8,123; 10,13, 11,42, 12,
31, 13, 135, 14245, 155633.
cunctis (masc.) 2, 164, 15, 23.
(nescir.) 15,113.

cuneis 6, 61.

11ξόᾱ1ἒ5110, 143, 14,115. cupidine

cupidus 1, 58, 8,14.

cupit 6, 445. cu imus 10, 5. cu·
pias 10, 36, li, 31. cupiat 10,
360. 1111111116, 654. cupiens
12, 35. cuperet 10, 294, 14, 313.
cuperent 2, 151. cupiet 14,13.
cupient 1‚1ss; 2,136.

111 1,13. 103, 2, 58. 53, 3, 38, 6,
142, 8,13, 10, 254. 231, 13, 115.

winizo, 501. soal 1181ιῖ11 111111.

’ 111 ffiinio ’11, icas ii, ’111ξ
14, 303. cures 6183, 1, 65, 10,
51. 18, 11,33. curis 11, 183.

curabilis 16,21.

curatoris 14, 288.

curis 8, 31, 3,101.

1111111116,111,1,31. curat 6,
300. curant13,101. 1111113,
121. 111111,242. 11111112,105.
curentur 13, 124. curandum 8,
121. curanda 6, 455.

curriculo 11, 231.

currit 6, 534, 8,160, 13, 168. cur
runt 3, 308, 11, 43. curramus
10, 85. curre 111116. currite
4,16. currere 3128. curret 3,
240. cucurri 5,11. cucurrit 12,
61. curritur 1, 82.

currus 1,125. curru 10, 42. 282.
currus 1, 61. curribus 8‚3; 10,36.

cursor 5, 52.

1111111115,11. cursu 3, 253, 14, 21.

curtus curta 14, 166. 1111111110,
135. curta 3, 210.

curules 10, 31.

111111111111116,262. 1111111111
1,121.

111111113145. 1111111116443. curvo
14, 86. curvis 8123, 13,163.

cuspide 2,130.

custodis 14, 304.

1111111111,101,3,123. custodite
6, 630. custodiet 6, 341. custo-
ditur 13, 138.

custos 5, 40, 1, 218, 10,111; 13,
151. custodem 6, 315. custode
3, 306, 10, 303. custodes 6, 235.
348, 8, 52. custodibus 10,144.

cuticula 11, 203.

cutis 6, 144. cutem 2, 105. cute
6, 464, 3, 13, 10, 132.

cyathum 5, 32. cyatho 3, 41. cys·
thos 13,44.

cyclade 6, 253.

cycno 6,165. cycnum 8, 33.

cylindros 2, 61.

111111111362.

cynici 14, 303. cynicos 13,121.
cynicis 13,122.

11.

(1111111111,121.

damnatio 8, 34.

damno damnat 6, 556, 8, 202 {bist
(111111111485. damnante 6,84;
8, 33. damnetur 2, 63. 1111111111-
dis 11, 38. damnum 1, 41.

 

