Worterverreiehniss. 61*

110001 10, 324, 14,153. nocuit 4,
154, 13, 221. 11000114 6, 620,
13, 3. nocentibus 13, 234. no-

181, 15,149. 1104 1, 112. 159,
3,15. 159, 5,168, 11,114, 14,
31, 15, 106. 142149, 16, 5. nobis

mmofflnownmfflm ldwtfflffissnmw·

mm

nocturnus 8,144. noeturnae 3,12.
nocturnos 6,118. 1100101008233.

nodosam 8, 241.
nodus 5,165. nodos 8, 56.

11010 6, 215. nolunt 10, 96. nolis
5, 54. 110111 5, 24. 11011 1,126,

110100 11011 5, 6. 1101113, 11, 6, 402,
11, 143. 001111104252. noverunt
6, 331. norunt 3, 46. 11010111 1,
231. 11011440 5, 15, 1104401, 151,
ῗῗρῖξ. 11010101 4,136. noscenda

1

noster 11, 143, 13, 244. 11041103,

6, 318. nolenti 15,123. nolentem 64, 6, 254, 16, 25, 11, 263.

9,113. 1101101 6, 254, 13, 161.
110101 6, 213. noluerim 8,15.
1101110118,36. nominis 6, 385, 8,
241, 13, 248. nomen 1,153, 5,
46, 1, 9. 110. 234, 8, 213, 11, 22,

12,12, 13, 30. nomine 1, 98, 8,

31. nomine (110111.) 8, 132. 255.
(oco.) 5, 121 ; 6, 664, 10, 219. 234.

non 1, 36. 51. 52. 93. 131. 153. 154,
2, 8. 25. 36. 41. 49. 66. 10. 15. 88.
141. 163. 168, 3, 6. 38. 48. 54. 60.
64. 19. 81. 96. 1041101511). 111.
119. 151. 155. 204. 281. 303. 369,
4, 23. 34. 5011101123, 5, 39.
5169131, 6, 35. 41. 51. 64. 119.
143152. 182. 184. 185193196.
261. 218, 242. 243. 241. 282. 345.
362. 365. 368. 3951511). 448. 451.
451. 486. 535. 540. 516. 614. 611.
619. 646. 651, 656, 1, 14. 53. 65.
12, 14. 90. 138. 211. 220. 222. 225.
229. 240, 8, 43. 68. 98103125.
118. 184. 213. 221, 9, 6. 8. 24. 66.
88. 99. 122. 129, 10, 6. 34. 40. 51.
110. 148. 164 (6111. 168. 183. 203.
263. 304. 320. 338, 11, 1. 44. 50.
54. 51. 134. 141 (bis). 152. 111.
185. 206, 12,50. 18. 102. 120, 13,
12, 15. 29. 55. 60. 91. 122150.
113. 184. 204. 225. 234. 235, 14,
14. 25. 28. 51. 68. 103. 106. 130.
140. 141. 145. 112. 185. 262. 284.
298. 309, 15, 46. 84. 169. 112114,
16, 28. 40. 53.

1011601111,114, 2,152, 5,1, 6,15.
16, 13, 49, 14, 11. 215. 249. 321,
15,24.

11011110 1, 63, 2, 34, 3, 2. 49, 6, 34.

nos 1, 15 (611), 2, 51, 3,193, 6.

&mmmmww
mmmnnwn
mmmmmmms
nobis 2, 121, 3, 92. 126. 243, 6,
wamnmm

nostrum 5, 94. nostri (111010.) 1,
86, 11,11, 15,133. (nostr.) 8,
44. 00411012,29;14,112. no-
strum 12, 89. 1104110 2,48. nostro
6, 25, 11, 111. 1104110 4,115,
12, 103, 13, 92. 116, 15,31. 68.
11041101,111, 11,119. nostrorum
3,145. 11041114 (masc.) 1,141, 3,
58, 6, 188, 12, 108, 15, 153.
(forn.) 10, 348. nostros 10, 213.
nostras 9, 94, 15,110. nostro
14, 16. 39. 91. nostri (000.) 9, 131.
11041114 13,111, 14, 323.

1101001114 6, 314.

110101 9,142. notemus 10, 35. notavi

1101111 110111 1,1, 10, 341, 14, 248.
11010111 2, 58, 3,114, 10, 353.
notae 6, 301. 110151,123. noti
1, 3. notae 3, 35. noto 6, 314.
notos 11,153. 1101101 9, 25. no-
tissimus 6, 42156. notissimo
(110111. oisy.) 2, 10. (nom. plur.)
10, 23.

novalia 14,148.

novercae 6, 403, 1, 234.

novercali 12,11.

1101101114 3, 265.

1101114 8, 231. novo 132. 145, 2,
120, 3, 26. novum 10, 250. 11010
6,11. novi 11, 85. novorum 1,
189. novos 14,95. 1101142102.
13101144111114 11, 42. 1101144110αὸ,

noo 1100114 3, 268, 1, 222. noctem
3, 219, 5, 54. 110010 2,161; 3,105.
121. 198. 215, 6, 204. 419. 420.
415531, 1, 61, 8,140, 9,16,
10, 20. 206. 235, 11, 112. 181, 13,
198. 211, 14,146.190. 296, 15,
43. 1100111 6, 35. 605, 14,306.
1100104 4,131. noctibus 1, 38, 6,
302. 309.

nubem 13. 161. 1111110 12, 19. nubes

 

