36*

5155151555151155111.13,.22 1,555) 16, 35.
5111511518,17,12,17.
31139315 55
5115551116εῶ 3,103 511111οωί11556,
enim 1, 48. 80, 2, 8. 65, 3, 15, 132.
208, 1,11.16. 101, 5, 88163, 6,
170. 196. 300. 530. 568, 7, 2. 59.
125. 131. 158. 101. 109, 8,30, 73.
,202 221258, 9,22. 81. 110. 126,
10, 4. 141. 302. 321, 11, 230 38·
12, 115, 13 08 202 231 14, 38.
73. 100127. 221, 15, 2697107.

6665656666, 150.

5115553271 5516,.521 551119,
106.16,306,10,166.310,12,
57. 1152,8,03,66, 12 83 115
3,25. 128, 8,136, 9221} 14, 122.
5115151512,1.10 16511, 101,11
88. 1151 12, 14. ibit 3, 78, 6,
527576.15656,100.111’111,’Ξ80
1,65.511511111113,316.

ephebum 10, 306 ephebia, 161.

151115151337.

ephemeridas 6 574.

5ρὶ11155157, 120.

epiraediu8, 60.

5515111151,110,10,71;16,5.

epota 19177.

55111551, 28· 11,88.551111155,173.

5551111113, 220.

5511556, 626. 5555111118, 108.

eques 8, 238. 55511156, 270. 55111-
tem 0, 10. equites 7,11.15.
equituin 4, 32, 6, 625, 8, 3.
equites 10. 05, 11,326.

equestri 3,151.

equitant 6, 311.

equus 55115 11,103. equum 8, 58.
equos 1, 20, 7, 67.

erepet 6, 526.

erga 6, 380. .

5155511115 (nom.) 14, 21. tace.) 6,
151, 8,180.

ergo, '1 3.15.100.158.168, 2,15.
131, 3,.101276,281. 318, 1,55.
73. 00· 5,15. 97. 158, 6175221.
371. 132 532. 620, 7,171, 8, 37.
68. 200, 0, 82. 101. 111, 10, 51,
103. 159. 316, 11, 17.21.00. 120,
12, 126, 13, 201, 14, 61. 70. 02.
110. 110. 211262. 323, 15, 62.
71. 131. 171, 16, 22. 51.

Regieter.

en'git 8, 206. erexit 1, 01, 10. 130,
12, 91. ereximus 1, 114. ereetum
15 80 5155156507 51551551,

51151518, 06. 5115115513, 238. 511-
55510910, 127· 5161 eripiet-ur

5111116101

5115115 10, 1. 51151515 8, 165. erro-
155 13,188. erroribus 14, 15.

erubuit 10, 326.

515515 9,131.

escaria 12,46.

esurit 7, 87. esuriens (masc.) 3, 78,
13,00,11,127. 13515177.
etl, 6. 8. 13.23.31.36.12.17.10.
51. 50. 66. 68. 72. 73. 74. 76.
78. 81. 87. 93. 07. 109. 120122.
121. 137 (615). 113. 115157168,
2, 1. 3. 7. 11. 11. 16. 20. 25. 33. 35.
16. 50. 87. 68. 73. 77. 70. 80. 85.
87. 98. 105.107.111.112.121161’51.
131. 138110. 110. 150 (bie). 153.
155. 158. 160.163; 3,1. 0. 13. 16.
17. 26. 27. 30. 33. 31. 363812.
48. 10. 57. 50. 63 (1511656871.
83. 88. 96. 07. 101.111.128.130.
136. 118. 110. 151. 155167178.
187.180.105.207. 208. 210. 215.
216. 217. 210. 221. 228. 233. 237.
210. 218. 253. 258. 262 bie). 263.
215. 111. 113. 151. 1551111151.
201300 311315. 316. 318· 1,1.
8. 11. 11. 23. 30. 38. 11. 61. 68. 69.
81. 85. 01. 06. 106. 108. 111. 113.
115. 121. 122 (615). 121. 129113.
111. 116. 152, 5, 8. 15. 20. 27. 37.
38. 48. 54. 65. 70. 70. 81. 01. 101.
112. 115. 117. 121115115133.
137. 110. 141. 110. 151. 161. 165.
160. 173, 6, 413515. 10. 181615.
21. 25 (bie). 27. 37. 10. 18. 5257.
50. 65. 68. 70. 70. 83. 81. 85. 89.
05. 106100. 120. 122. 128. 130.
111. 116. 147. 118110150151.
156. 160. 160. 171172102107.
199. 202, 205. 210. 217. 225. 226.
228. 238. 216. 25616151. 262. 261.
277. 283. 289. 201. 207. 200. 301.
305. 306. 315. 326. 333. 335. 312.
341. 318. 351. 356. 361. 367. 368.
375. 388. 302. 300101105111.
419. 429. 132. 136. 1151531511.
161. 161173. 478. 183181. 188.
106507. 511. 512. 516. 517. 510.
520. 521. 523. 531. 533. 538. 511.

 

