86* Registsr.

15, 5. 11. 11. 59. 1111 1, 55, 5, 5,15, 5, 555, 5,151, 11, 15, 15,
23. 137, 1, 139, 5, 57, 8, 211. 215, 109. 237. supersunt 8, 121. super-
15, 55. 111, 11, 15, 15, 55, 11, sit 11, 155. su etsist 5,151.
20105. 1551551 8, 251. fuerit supervacui 15131, 16,11. super·
6, 151. fuerat 5,15. fuerant 11, 15555111 2, 116. supervacue 10, 51.
72. 151555516612. 151512158, superus superos 6, 10, 13, 75.
10,75.103.263,12,30. 151551 5551555 3, 280. 55515551 11, 3911.
1,110. 151513,200. 1111515 10, 55 1551,66. 555155 8, 201.
353. futuri 3, 72. futurae 8, 75. 5555115158, 213. supplicium 6, 220.
futuri 6, 556. supplicia 15139.
sumen 12,13. 5551155 11,138. sup situs 1, 98. suppositum 10,
summam 11, 11, 13, 71, 11, 323. 6. 5555551155 6, 02.
summe 5,15, 11, 115. surse 15,11.
summittat 6, 331, summitte 6, 201. 51111151,11. surdum 13, 219. surdo
surppnitteret 12, 51. 5515511555 (1sz 111551.) 0,150. (muer.) 13,
555151515111,166. summoveant 1, surgis 1, 115. surgit 6, 529, 1, 100,
51. 5155515515111. 15,15,11,111,11,15.
5515515151111. 3,151, 7,183. surgere 15,13.
55515155 l, 117, 6, 09, 10, 110, 15, surgebant 1,10. surrexerit 11,
35. 5111511156,369,1,155. 5515511 213. 5111811511, 111,
(marc.) 1, 5. 38, 2,101. 105, 10, 5111551511,82.
268. (1151111.)6, 170. 515. 5515155 suspendit 6,137. suspende 8, 230,
1,16. summum 6, 532. summam 9, 85.
15151. summum 6123, 8, 83, suspicit 13,123, 5115555155 3, 222.
11, 289. 5515155 l, 14, 10136. suspectu 10, 208. suspectum 9,
111. summu 11, 51, 15, 35. 51. ssspssts 12, 93. suspeses
51151515 (nom. plur.) 5, 18, 55515115 ll,188.
(mass.) 5,115. ,555 5, 515. suspirat 11, 151.
(115511.) 6, 610. 55151555 10, 10. 555115513,93,1,10, 11,122,11,
55155155 10, 01. 55511555,2,6, 121. 5551151111 6,105, 15,88.
219. 55151515115115111,36. (nostr.) susurro 1,115.
11112. sutor 3, 294. 5515115 5,16.
551115551511 2, 121, 3, 67. 172, 5, suus 555 1,1, 3, 250, 7, 213, 10,
128, 0, 10,11, 23. 55155512, 81, 10. 5555 5,162. 55551 13139.
6, 285. sumes 2, 66, 3, 56. 55155 5551116,122,1,31,10,295. sui
11, 326. 5515115 8,131. sumere 3,113, 6, 271. 555 0,123; 12,
5,155, 5,115, 5, 51, 15, 55. 55. suarum 11, 111. suess,
sumente 5, 551. sumeret 13, 39. 555, 1, 151, 15, 151. 115. suss
sumes 19, 26. 551551 2,10, 8, 1,11, 3, 222, 6, 121, 14, 262.
151. sumpsit 5, 55. sum serit sus 5,151, 15, 155, 1515515,
5,155. sumitur 5,151, 151, 155, 15, 51. suis 5, 515, 11, 151.
6, 261. 578. sumendas 12, 61. 5515158220. 5,15151515,30.
sumptam 1, 30. 5551515 6, 330.
sumptos 16,10. 55155115 11, 76.

sumpts 1,11. sumptus 1,155. Τ.

11511181511111115, 91'34. 115. 155, 11551115 1,15. ussus 5, 555, 15,
supiilisis' 11,) 1151811282. superbi 115111515Ξ111,5ῗδ111116 1551111511,
6, 524. superbum 8,11, 11,120. 200. 233, 13, 136.

superbo 6,180. 5115511115 5, 66. 1111151555 2,12, 3, 301. 1511515518.
⁸up1e1i⁰ssi¹¹i³5·²'5⁹ii 6’169' ΜΨ· 11111131111θ 1111111111 15 ts-
sugeri sipsr’svirst' 11, 55. 5115515511, 11, 1553 111151
5555555111 superest 1, 35, 3, 27. 250, 2, 119, 15115155 2, 58, 6, 601, 0,

 

