worterverzeichniss.

159.

145, 2,11.98, 3,35,
77. 159, 6, 17. 52. 78.
244. 319. 324. 333, 7,
916151, 9, 65112 16,
248. 361, 11,14.112.
5. 11116151, 13, 78 86.
1, 53. 75. 135. 186. 222.
363. 92.

22. eragentibus 11,
gi 6, 146. peregit 13,
51115, 21. peragendum,
rectum 5, 93. peracti
15515 6, 485. 5515515
5155111254. peractis

1, 225.
,173
168. percussit 15, 66
1,163; 4,121. per-
149. 5515115511511555.
271, 12, 26, 15, 21.
51. percusso 14, 286.
5511115165
261. phrdithso, 136,
269, perdite 3, 73.
127, 11, 187. 5515·
298. peregrina 8, 225
,,266 7,99, 885, 11,
51456, 7114222
1111151116,362. perituri
tur011,1137. periturae
35 perituram 11,17.
33, 31. peritl= periit]
3 16, 118. 5511111,
’1,16, 11. 5511515513,
h'nduin 16, 339
52, 5.
261. 55115151 7,153.
93. 392, 8, 269.
245. 55111115 9, 82
9.
16. 55111155515155155)
151. plur.) 6, 363.
6.1 pergant 14, 122.
37.
17.
. 55115515 loce.) 3.8.
,11,76,12,82,14,314.
15516.

67*

5511111158, 82, 11, 218.

perlege 14,192.

5511115552, 78. perlucente 11, 12.

permisceo 5515111558, 174.

permittite, 457. 5511511155 14, 231.
permittes 16, 347.

permutat6, 224.

permutatio 6, 653.

perniciosa 13’, 54.

pernoctantis 14, 46.

55155118, 16.

perone 14, 166.

55151552, 67.

5515515555, 151. perpetua 13, 211.
perpetuam,15, 164. prpe 51111151

68 55 51115 16, 313. 215.

prpe etui3, 3.

persone 3, 96, 4,15. 5515551153,
175. 5515511556, 76; 8229.

pertunde 7,26.5511111111115 6, 46.
5511115115, 131.

5511611115, 62. 5511511119, 78.

pervigili 15, 43. pervigilesS, 158.

,1515155551νί5 12,86.

55115151, 1 66. pervolet6, 398.

55,511 128. dem 16 36, 14, 219.
ede'6‚;15 16,5,13173 pe-
'bus 6, 427, 9, 69. pedes7,
143,8,228.55111111151,111,3,
27· 6,350.

55551155 ef. peior.

peste4, 84.

petasunculus 7 119.

5515111514265Ι

551111,121. 123, 5,168, 6,,535 7,
233, 8,51, 12, 86. petimus 16,
352. 55151113, 71. 551517, 162.
551515 15, 156 5515515 6, 575.
petebas 9,114. petitur 5, 56.
51115151 16, 8. 54. petitus 10,
116,11, 147. petite 12, 164.

petitos 6, 603. petitos 6, 527, 9,
119. 5511115 14,89.

petulans 3, 278, 6, 297, 12, 5.

5651555552, 46

phaleris 11,103; 16, 66.

pharetram 13, 86. pharetris6, 138.

5651511552, 1.68

phaselis 15, 127. 0

5115511158186.

5615155539.

51111156, 611.

phoenicopterus 11,139.

phrenesis 14,136.

phthisis 13, 95.

piaculo 12, 126.

5*

 

