ἱ

ffl*

girini? 19111115ῧῖ stiii'imli
111155ξ 11111151, 15111, 15ζ
38. 68. 1515551515511.) 2, 38, 3,
124, 6, 511, 11, 113, 12,62,14,
151. (aee.) 4151, 16, 254, 14,
136. temporibus 4, 86, 6, 645,
16, 15, 13, 29.

tempora (5551115) 8,145.

tenax 6, 25.

tendit 16, 154. 155115 6, 52. ten·
ditur 6, 426. tensum 1,111. 15555

tenebrae 1218. tenebras 3, 225.

teneo tenet 2, 99, 5, 31. 39, 6, 383.
454, 1, 56. 51, 16, 41. 154, 16, 54.
155551616. teneam 5, 58, 13,
94. 155551 1, 23. 31. 155551153,
89, 14, 63. 15551151 1, 61, 6, 658.
tenebit 14, 291. tenentur 3, 366.
teneri 5115, 15155.

15551 1, 21, 5,16, 6, 383. tenerae
2, 86. 15551515 6, 548, 8,16, 9,
isitium 12,39; 14,215. 1555155

tentigine 6,129.

temus 13,1. 155111 1, 86. tenuem
1, 261. tenue 9, 31 , 16, 269. 15551
(5155513, 193,4, 116. 132, 6, 659,
1, 48. 145. (sem.) 3, 91, 6, 259,
9,138. (1151111.) 2, 55, 6, 541, 15,
21. 155555 3, 163. tennis (aee.
ἕ155518,126, 15, 161. (fian.) 3,
21.

155115 6, 446.

tepenti 16,149.

151 6, 523. 661, 11, 86.

terdecies 14,·13.

tergeat 14, 62. tergens 13, 44.

tergo 1, 6. 151 (55514128, 11,
62, 13,16, 1 ,15,

15111 9, 4. tritus 1515. trito 8,
55. tritas 5, 555.

15115 15, 16. 151155 (qen.) 1,163;
14,1. (dat.) 8, 251. 1511515 2,136,
4,16, 6, 429, 1, 261, 11, 164,15,
92141. terra 14, 222, 15122.
139. 151115 15, 86. 151155 4, 83,
6, 411, 13, 226. 151115 2, 25, 6, 2.
165, 8, 31, 16, 1219, 13126.

15115151 14, 285.

terribiles 15,1·25.

1511515 16, 351.

15111115 2, 46, 13, 13. 1511151555.
ainq.) 2, 66, 5,11. (nom. plur.)
3,199. (ace.) 14, 226.

Regiae.

tessellae 11,132.

15555151,114.

15515 3, 216, 4131. 155155 {qen}
5, 551 aas.) 15115. 111115, 511,
11, 511. 11111111 11, 111.

testamentum 6, 549. 1551551551512,
121. testamenta 1, 31.

1551151111 6, 339, 12, 36. 1551155155
5,511,11,151.

1511115115, 5, 55, 511, 11115.
1115 5, 5. testem 115, 5151,
15, 155, 15, 15. 51. 11115 5115,
511, 11115, 15, 15. 1111515111)
5115. (11111515.

tam 1111111111 11, 11. 1111111115,

,15,51.

testudineo 6, 86.

1551111115 811, 94. ,testudine 6, 381,

texit 515.

textoris 9, 36.

111551155111,4. theatri 10, 128. 213.
11155115 3,113, 6, 68. 1115511514,256.

thermae 11, 4. thermarum 8,168.
thermas 5155.

11151555 5,143.

thyrsum (116, 1, 60.

11111 5, 515, 15151.

111115 6, 314.

tibicen tibicine 3,63. 193, 15, 49.

tibicina 2, 96.

tigillo 1, 46.

1111153145.

tigris 5, 55, 15, 155. tigride 5, 115,
15153.

timeo 15, 51. 11551155, 5151,
15119. timemus 16, 4. 1151551
5, 55. 51111111,155. timeas 3,
515. timeat 5, 51. time 11115.
11515151 6,11, 11, 92. timebis 5,
111, 1515. 11111115, 155. 5111-
1111 13, 221. 1111155115 3,51. timeri
3,113. 1111111111155. 51111511

timidus 6, 633. timidum 6, 524.

timor 1,85.

11555126.

111195 tinctura 2, 93.

tintinnabula 5, 441.

tironem 16, 3.

tirunculus 11, 143.

titubantibus 15, 48.

111111 5111, 15, 115. titulum 1,
51, 5115. 1111115155, 11, 55.
titulis 9, 69. titulos l, 136, 14,
151. titulis 5,115.

 

