Wbrtcrvcrncichniss.

6666116111 14,,3ξ.186611161111 6,

661116116ξοῖ10, 4,, 8. ’corruptoris
10,304. corruptore 6, 233.

66111110180. 661614,268.
coruscat 3, 254, 12, 6.
corcus corvo 7, 202. 66111 8, 252.
corvis 2, 63.
corymbos 6, 52.

cometae 6, 411.

cothurnum 6, 634. cothurno 1,12.
cothurnis 6, 506, 15, 29.

cottona 3, 83.

coturnix 12,01.

666662167321. coxam 15,66. coxi

, .

crambe 1,154.

6111 2,132; 3, 23, 5, 33; 14, 310.
crassius). 616111113150. 615116
10, 50, 13163. 615115 11, 158.
orator 6151615 12,41. 6151616 2, 81.

6611161616 11,82.

crebrum 6, 584.

creditor 1,108, 11, 10.

61666 6,1. credis 6, 215, 10, 68.
246. 6166116, 530, 14, 119 233.
286, 15, 142. 6166111114, 53,
10, 116 61661112, 152, 13 ,231,
15, 50. 6166511151 6166513,
1, 5,156, 6,,504 14, 149. 203,
15, 118. 61665110, 361, 15, 31.
’6166111116 643, 8,201. 6166111
13, 81. 616668, 83, 13, 115, 14,
220. 61661166, 630,8 ,126 616·
6616 4,10, 5,’.’.5152 credebant
13,54. 616661611220. credam
16, 31. 61666116, 554. 61661611
10, 184. 61661661111 15, 21. 616-
6166111115,111. 6166111113, 03,
146, 10, 113, 13, 110. 6166161111

6166111658

616611511,116.

6166111113, 108. crepitus 11, 112.
61666 616651 10, 62.

61616116, 220, 7, 101, 14, 139.
crescunt 14,11.6 111, 61616511
10, 24. 61616616 5, 06, 6, 311.
crescente 1130, 13, 213 616111
61615111110, 66.
crimen (nom.) 6, 294, 8, 128. 215.
wmumffimnm
13, 90. 210. 61111116 4, 15, 6, 219.
285, 10, 60, 13, 6. 24, 14, 238.
611111158, 166. 611111115111,15.

29*

mmsmmmumms
39. criminibus 1, 161, 13, 230.
mmuuunmcffim.
mmmmfflmfflwzu

crisantis 6322.

fflfflffffffffissmnuc
6111156 4,10, 6, 256.

6166656123.

crocodilon 15, 2.

6166611,208.

cruciatu 10, 286.

61161 11, 16. 61161111,143. cruda
8, 223. crudo 15, 83. crudis
mmmmmu

6116161166161616.) 10, 185. (66611.)
umnwu

mmwwu

crus 13, 95. cruris 6, 256. crure
6, 446. 61115 (nors.) 3, 241, 8,
6ᾏΜ6606ω6ω,

61111151 5, 38.

6111111119,5.

cruc 61116611 6, 219, 13, 105. 61166
8,188.61161511114,11.

616615115106.

ffifflffi-ffiffiwfflssffl·

cubito 3, 215,

cubo cubat 3, 280.

cucullo (661.) 3,110, 6, 330, 8,145.
61611161 6,118.

cucurbita 14, 58.

culcita 5,11.

culina 3, 250. culinae 5,162. cu·
uwms

culleus 8, 214.

6111111613,69. culmina 14, 80.

culmo 6, 6.

culpa 6, 494, 1,158. 611656 6, 540,
8,119. 163, 13, 106, 14, 37. 611165

6111161165, 122. 611161112, 169. 61]-
1606111111,133.

culter cultri 14, 211 611116 15,
119. 61111111(611.)10,269, 12 84
(abl.) 2,110.

cultori 9, 49.

61111161· 666), 2158, 3,63. 99. 184.
301,4, 49. 87. 95, 590, 6,,163
171. 377. 460. 531. 625, 7, 116.
139, 8, 8. 102. 162. 166. 173. 210.
222. 264, 9, 3. 41. 61, 16, 94. 198.
205, 235. 336, 11, 71. 138. 112,
12, 346010, 13,50.61. 155. 206.

 

