96*

14, 199. 346. 1111111111 3,139.
111 idol, 36. trepidi2, 64. tre-
pi 11 10, 396.

11113, 38; 6¹,144 14, 169. tribus
1, 158. 11115, 141; 9,;90 13, 95.
111115, 131.

1111111111) 1035111118131.

111111111, 338. tribuno [dat91 161;
3165111611 11, 7 tribuni 1,
1139, 3,133 1111111111” 1, 93. tri·
1111111 3, 313.

1116111 11111111 10, 301. 11111119, 39.
1111111113,188

tridentem 8, 263, 13, 81.

1111111113, 361.

triginta 13, 74.

tripedee7,11.

triplicem9,7.

triremis 16,135.

11111111118,190.

tristis 1111111111 3, 51; 9, 1; 16,136;
11,153. (sem.,91145; 3,63;6,
138 111111 11111116 569; 14, 110.
(1111 13, 49. tristes (11111. p.777r9
6,69. (ace.) 7,.2 tristibus p2,9;

triv'iale'' 7, 55.

trivio 6, 413.

triffl'pliulemss, 144. triumphaleel,

1111111114,135.11111111111,11194

trium 111111, 261 triumph'osss,

169; 6167.

tro aeis '16,133.

111 31013.

tumeo 8, 53. 11111113, 79. trunco
13,178. truncis 10, 133.

11131111,111.

111111 truces 15, 135.

111, 50.143; 3,61.66.153; 3,134.
266. 289; 4, 33· 5134115914.
138.153.161;8113193358.
275. 316. 383. 313. 311. 641. 6423
76665mwmmm
mmm656wmQ
16, 337. 342; 11, 32; 13,13.112.
135. 141. 193. 343; 14, 48. 13. 267.
6765655665
188. 199; 5, 5. 36. 53. 84. 81. 113.
118138133. 138. 161; 6, 7 (369.
32. 49. 69. 80. 161. 178. 266. 266.
218. 331. 276. 278. 448. 495. 661.
111111111111
115. 127. 134. 2693 9, 3. 14: 33. 71.
ffiwmumwnmwz
57. 75. 159. 184.181; 13, 93; 13,

Regieter.

7 15. 159. 118; 14, 49. 51. 56. 141.
158191. 1993463113, 111111.)
1,31;3313813.83,3,.53183.
185. 391. 396. 303. 318, 5, 1. 58.
63.13.163; 6 161. 396; 7, 143.
141.195; 8,43.68,14.81. 131.
136138. 143. 311, 9,.35 46. 56.
81. 94. 112; 16, 5. 135. 365; 11,
38; 13, 8. 101. 138. 140. 161. 331;
14, 301. 311. 336. 315. 3223 15, 863
16, 8. te (7767.) 1, 168; 3, 33; 3,
315. 316. 393; 5, 110; 6, 34. 35.
566; 8, 23. 39; 9, 11; 11,33; 14,
333338.

tuba 15, 53. tuba 6, 256; 15,157.
1111111119314. 1111111,169;

tubera 1111111.) 5,116. (111.15,119;
14,1.

tubicen 14, 343.

tuetur 3, 301; 14, 303. tueri 13,
301. 111111118169.

tum 3, 314; 4, 65. 18; 6, 331; 1,

tumes 3, 2933 8, 46. tumet 6, 463.
tumentem 16, 369.

tumidum 13, 163. tumida 14, 282.
111111111313. tumidis 16,11.

tumultu 6, 4263 13, 136.

1111 3, 36. 148; 3, 31.314; 4, 38;
5, 111; 6, 11. 66. 9915111. 133. 335.
31016111. 276. 317. 331 343. 6οῖ;
1 3416111. 9616111. 111. 311· 8,
100; 9, 118, 10, 36. 41. 89. 361.
338;11,100.110;13,53. 76,13,
46.167; 14, 31; 16 43

11111118301. 1111111111,93;14,
1531111111 8, 335, 10, 38; 13
133.11111113,119.354.11111111 ,
14, 381; 11111111446411511 j.

1111611113, 143.

turba4,62; 5,31; 6,439; 111, 3
13,46; 154681 tur6ae9.e779
15, 61. 7767.) 1, 96. 1111111119 14,
161.1111113,339;6,196;1,131.

11111111333311111111168 14,

11131114138.

1113111111143. turgida2,141.

turpis9fem92, 71, 6131 11, 176.
turpe4,13; 6,138; 11,111.1111-

1113,111.1111116,341.11111111
6,341. 1111113 168, 6,390. 457,
1,5;14,48.,1111Ῑ116,399. turpe6
14 ‘431 turpia2,;9 1,339. tur·

turpia 8, 183. turpibus

 

