W6rterverzei6hniss.

15, 0111011116131.
1, 125.
,343
156. 011111111611.
’, 241, observandis 6,

.”111.
plur3 11,134. (acc.)

1. obstat 3161. ob-
(1111111111, 62. opstat
,6,151. opstante 6
111111111615. opstabit

1113, 266.

,,16 83. 01111116, 412.
13,15,36.

,7,154. 0101110013,
111,,164 6,626,16,
1. 0001111111 16, 221.
’1, 176.

8
18. 0110111116271, 7,
111111 13165. 00011111

8, 167. 2156, 6, 161.
56;12,12,

1, 16136. occurrunt

262. 011111111618,
1111111 5, 51, 6, 41.
1, 1111.

152. occursu 6418

572, 16, 48.

166, 578. 001110168.
18. 116 7, 21, 14, 252.

’6141262 octogensima

1. 011110 6, 51, 011111
110111011658. 0111111
65. 0111012661,
1, 16228, 12, 615, 13,
1111111 6133, 16333,

»dit 6272516, 7. 35,
16, 1673, 15,37.71.
211, 0111111111 6, 627.
3. 0111111673.

51. odio 1111111,
0110111 11,74. odorem
11116156.

oenophorumss, 126,” 1, 11.

0111104, 123.

ofellae 11,144.

01111111 16,'11. offas 2, 33, 6172.

offendere 16, 21.

offensae 4,165.

officium 2,132, 6126236. officii
2, 131. officium 11, 111. officio
6, 263. officia 7,167. officiorum
5,13. officia 1615.

01116131. olentis 14, 266, olebit
5, 87.

oleum olei 7, 66,

0111111117, 225,

olido 11, 172 0111116, 157.

0111113 163, 466 5116 612.
66 157. 281 3,46 8, 68, 6,’ 17,
16, 78. 142. 163 173, 11, ’,77 11,
1811. 220, 15, 63.

olivae 1666. 0111116141.

ollae 14, 171.

omen-4, 125.

0101111016118.

01111111011111,111,3.]1111111051
363, 6138, 8,,166 11,1.‘36; 15,
11. 01111111,1111;;’1,111’11;1’,111,
6,,146 16 216 161. 011111117,
57. 0111111111611011316326. (sem3
6132, 16261. omne 623, 6,
122, 6, 88, 15, 171, 16, 54. omni
(masc.) 1, 56, 15, 666, 8, 236, 16,
253, 11, 11. 1sem33, 161,6,163,
6 256, 16286363, 11, 171, 14,
158. (1111111.,11 11,8,266, 16232,
11, 143, 13 24 14', 237. 01111111
1111111013, 183 368, 5, 166, 6336,

7,76. 157, 6, 1615,132;’111,67;

11. 41· 15, 62, 115, 26, 661611).
1111111.),’15,167,11,266. 0111111113,
83· 5,58, 158, 6166, 187. 324,
611,1,1116, 1122 0011116111
1111110132, 31, ’,3118, 7,,161 13,
166. 01111111’(111111.) 6, 151, 246,
” 1,231, 13, 5. 16816111.) 2, 44,
6456. 0111117161111131, 24, 6562,
1617, 12,66.1[1111.1 15, 66.
0111111112 1 338. 11. 615, 416
5 123. 176, 8, 76. 67, 16, ’76. 124.
161, 265, 11. 14. 178. 162, 12,
124, 13, 86. 223, 11, 53. 127, 262.
336, 15, 36. 167. 011111111111111111111
2, 147, 11, 25. 1111113612, 16, 1.
51111111.) 8, 256.

01111011 6, 236.

011111 168,

opaci 3, 54.

 

