1v5rterverzeichniss.

111116, 91, 8,165. turpissimus
tumulo 106 turrem 12110 turre
6, 291. turribus 15, 158.
turture 6, 39.

1111 ture 9, 137. tura 12, 90, 13,
1111111 11,112.

tutor 8,19, 10, 92.

tutus 4, 93; 11, 116. 1111119139.
11111113,109. 11111 12,81. tutae
3,.306 1111015,91,15,151.
1111113,61,6,4’,95 10, 318. 11115,
141, 6, 199 215. 566 8,,55 9,12,
10, 318, 13, 35 221;14, 248. tu}
5,15, 9, 91, 10, 319. tuo 3 319.
1111111011.1111111.16,121.119,13,
8111111111.) 4,103.1110 11151.
masc.) 13, 116. (nauh.) 4, 124,
6, 61, 11, 205. tuorum 8, 22. 74.
211, 11, 59. 1111111111,22. 11101
2,128. 11111, 68. 135, 8, 68, 9,
55;11,53.1111111111111.1 8, 95.
11111111.15,128,8,231.
111111111110111.16,515.1111.,1364;
1111111118, 223.

mmmw,w mm4‚ffi

111111010162.111111110113,
111111118, 261. 11111101”, 1 151

U. V.

vacat 1, 21, 5, 8. vacantem 8,118.

11111111 19, 22. vacui 1111151111.)
15,100. (1111111152. 11011111
mQQmammmst
1111101051.1111111.,1511.11111111.1
6,68.1101113,96.11011111511111
1,136. 1111111132, 8, 90, 10, 102.

1151101113, 213. 298.

vado vadit 11168. vadas 11, 205.
11112131.

1111111112,151

111111
1116,190;8,111,19,238,16,.4
valent 10145. 1111015611, 13,
120. 1111111115, 61. 11113318
valentius 12, 63.

1111111111,5.

11111113,11.111112,133.111111)111
7, 7.

vallo 15120. vallum 1616

1111114, 63. 1111119, 98.

91*

11111181511111 1,203.1110
3,159.11116,638.1111113,
1'37. 16, 41. 11111111ωὸ 14, 211.

vapulo 3, 289.

varicosus 6, 391.

varius varia 13, 236. varie 3, 264.

111 1, 119. 1111 (nom) 3, 211.
ωηΛψ1Μμω1
11, 62.

1111111555.) 9,141. 111111 10,19.

vates 13,199. vatis 11,111, 13,
79. vati 6, 584; 7, 93. 1111111,
53. 11111111,89. vatibus 1,18.
11111 6, 136.

uber ubera 6, 9, 12, 8.

uber uberibus 6, 213. uberior 1, 87.

ubi 1111111101.) 2, 31, 3, 296, 1,155.
mm5wfflmffl6m.
mstQW6w666;
11ηῌ5111ω1
mn

ubicumque 4, 55.

mmummwfflmm

11111 1, 68, 9, 4. udo 8, 242. udis

wffl6m66m5mffl
lMQwfflkwwsswffl

vector 1101111114, 6. vectaris, 577.

011101 11010111 12, 63.

1111111119, 11, 11, 31, 13, 196.

vehunt 3 256. 111113,65.11111111
5,.65 1111111111,21;6,351.11-
111111111581111111113239.

5111Λ15Λ11
120. 133. 13815111. 150. 241. 286,
11151Μ1Η1
5Μ5111Μ1Μ1
mfflwQQfflann,
18. 29, 12, 45. 111128, 13, 25.
21. 65. 94. 113. 11510111. 125. 119.
mmfflwmffimmm
66139112.

1111111113, 118.

11111111122.

11611111110,114.

vellendas 11,151.

vellus 12,1.11111116,289, vellera
2,55.

velo' 11111 8,145. velare 6, 391.
11111111 11300. 1111116, 310

velox 15111118, 181,, 9 1261111111.)
3131110011 13, 98 velocius

velum 1110 1269111111011119,
105. 11111.16,228;15,121.11111
1, 149, 12, 22.

 

