40*

, 3, 38. 1911911199 9,135. felices
smnwmumeffim
3, 312. feliciter 1,119. felicior
10, 313, 14, 313. felicissimus
99

mmswewnmnm.
460, 9, 34, 10, 333, 13, 193.

femineum 6, 346. femineis 9, 53.

femur 6, 433, 13,151.

fenestre 3, 343. fenestrae 1,104,
3, 375, 6, 31. fenestras 9,104.
fenestris 3, 370.

feralis 5, 85.

19191119 1, 94, 7,184, 11, 64.

memmfflmmwmn

19111 3, 345 (bie). 370, 6, 439.
1911991 3, 398. feriat 7, 55; 13,
93. 1911111417. ferientis 13,11.

1911199 11133.

191199 8, 73, 13, 336.

fermentum 3188.

sero 1911368. feras 3, 376, 8, 47.
191911, 139, 5,164, 7, 147. 19119
ennffiimewwww
mmwwmmmnm
130, 14, 30. 198. 191999 3,135;
6, 9. 1919111919 3, 73, 10, 38.
1911913, 351, 13, 33, 19199 8, 119.
19191 6, 166. laturos 6, 605. 111-
listi 9, 39. tulit 3, 36, 6,133;
mmmnsmmem
651. 1919111 3, 34, 6,116. 111·
iisset 5, 4, 10, 378. 191191 3, 63,
5, 81, 11, 6, 13,170. 19199191
6, 648, 7, 64, 10, 337. 1919191 1,
iii. 1919911991 13, 143. ferenda
19

1918111213, 7. 191999911, 163. 191991

19119119 1, 31, 11,139. 1911991199.
sinq.) 6, 33. (voe. plur.) 7,150.

ferro 1911919 (nom. 91119.) 7, 41.
mmmm

19111191 6,113, 19111 3, 310, 13, 38.
19119 13, 54. 19111191 6, 634, 9,
91 1111195. ferro 1395, 5,
mffiffiwwnmstmffi
smmmmmmn

e 191191 5, 39. 49, 6,138; 8, 59. 191-

vent 6, 031. fervens 3, 49. 383.

ferventem 10, 301. ferventi 11,
1915111199 1,15. ferulas 6, 419.
serus 1919 15, 160. 19199 11, 104.

1919111111 6,6.

festino 10, 373. festinet 9, 136, 14,

119819191.

&imminemus
festinata 4, 96.

festus 13, 3. 19919 13, 93,’13, 33.
19919 15, 38. 1991911191 3,173.
1991191183. 19919 6,159.

1919191313. 19199 14, 78.

1911191919 14, 167. 19199 13, 66.

nmium.

1991111199 14,9.

fictilis 11, 116. 191119 11,30. fie-
ffimmmAEMQQM;
99

ficmfiei 10, 145. 19991 iniis,

fimsefflwnfflmmffi
fidei 3, 114, 13, 6. fidem 13, 31.
mmmmm

fidibus 6, 388.

1111911197,139.

fimffifflmmmmmmn

emmim.

1891119139. 1891 1, 33. figamus
1, 78. fige 5, 13, 9, 94. 18919
3, 3. 1899911373. figentia
14, 3. 1911914,100. 1899191
7,118. 1899111191 11,38. 119
3ὲ384, 13, 340. fixo 1, 156. fixis

figuli 1135. 181119 10,171.

inwn

mmnmanmi

1119111111 6,341.

filiolus 9, 83. filiolum 6, 390.

ffimmnmwnmwm
iffiwwnwwmww

filum 3, 387. filo 7,134. fila 14,133.

19 ’1 13, 133. 1981111119 6, 631.
nge 5, 73, 8,195. 1118991991
15,·18. finxit 14, 35. finxerunt
9,109. 191119 5, 70, 1911 13, 77.
11119111. 19199 3, 34.

finio 11111119 1, 6. 1911111118,150.
fimum

fimmmfflmnffinm;
mfflsswmmwstffii
341. 1999 8, 365, 14, 143.

191111991313. finitimos 15, 33.

fio fit 4, 98. 111913,163.167, 5,
158, i, 339, 10,64, 11, 134, 13,
9991999891
1Η99991ωω9
19ω9199η99
176177. 191995,134. fies 7,
197. fiet 3, 140, i, 397. 508, 7,
1919999Η99
309. 1991 3,135.136, 6, 334.

 

