46 ww

1166111161661111 6, 287, 11,171. [qm]
11, 67. 11661111 (aas.) 9, 48. (1161.)
3, 39. humiles (66616414. (voc.)

1111111661 6, ss. humum 1613
hydri 7, 19.

Ι
ΜΜ,ΜΜΜ6,ΜΜ

1116616217. 6111611661 (sevo) 12,
26. (1161161.) 4, 94. eidem 14122.
*idem (acc.) 4,12,13,76.184.
eodem 1651. 81116166119, 42. (nostr)
3295, 14,8 . 111661 imp 1116.)
8,98 66166119,293;13,Ρ172.
eisdem 1439. 6111111661 14,113.
66116611, 14 148, 3, 92, 6,61; 7,
152153, 19, 266, 11, 2'1. 177;
13,194,14,5,76193.16116111

15, 6. 1666666, 689, 7,19, 166666 11161 61116611, 163. 11666119, 176,

6,36.126.1666666168,173,15,
43. iacebat 4,.9 129, 14, 167.
16665161, 136, 19, 296 1661116 2,

129, 6,476; 19, 288; 12, 62

iactat 6, 236 16616163,136;8,6,
13,22.16666166 1, 62, 4, 118,
iactabo 12,99. 166666611252.
iactetur 8, 298. 1666616 14, 265.
16661116 3125, 6, 91, 13171. 166-

66166 13, 8.
iaetus 166611 12, 33.
inculator 7,193.
1666166111 1,11.
iaculum 5165, 8,124,

ΜΜΜΜΜΜΜΜ
ΜΜΜΜΜΜΜΜ.
ΜὛΜΜΜ1666
66ΜΜΜ’ΜΜ.Μ

94.166168; 6,.26 43196127.

mmmwmmmmo
ΜΜΜΜΜΜ.Μ,
ΜΜΜΜΜΜΛ6
6Μ1ΜΜΜ61663;6
ΜΜΜΜΜΜΜΜΜΜΜ
ΜΜΜΜΜΜΜ
mmmmmmm
66ΜΜ6Μ666666

5889. 229, 259. 251. 276, 15, 56.

62. 69 91. 112 117.153;16,45,

4656

166116 3,4, 6, 79. 215,7. 42, 12 ,91;

mmm

ibi 6, 324; 8,64. 177, 19, 169, 11,

mmmmm
11111661 6, 49.
ibin 16, 3.
ico ictus 5,125.
ictericae 6, 665.

1ΜΜΜΜ6ΜΜΜ

ΜΜΜΜ

11161113,148.291; 4, 8, 6, 112, 8,
mwmwmmm;
19, 59. 6611661 3, 23, 5,1; 6,177.
3ΜΜΜΜΜΜΜ

11,13;16,167.

111663,47,1,23.143 144, 8, 261·
11,1361,389,15,143.

idoneus 1411.

166111 (nom.) l, 46, 5,114. (aec.) 6,
648, 7,117, 13,111.

16111166 6,19, 19, 232. ieiunum 15,

igitur 2, 34, 4, 6. 89. 139, 6, 92,
219, 7,196.188, 8, 249, 9, 29,
19, 16. 28. 265. 286, 11, 198, 12,
⁷683111313’101314’383 16,

ignavus 3, 272.“ ignava 14, 106.1g·
66111611, 196.

1561661666192.

156161, 134, 12, 19, 13 226156661
3,.214253,4,61,6,3,14,244;
15,84.151161661.116,149.1
1611114,185.1566111611.,1.11ο
(666.,;16624 13,146.

1566511164194, 8',.237

ignominiam 8, 299.

156616, 3 43. ignorantss, 669. 15-
6ο16611,26. ignorasse 16193.

1511666166, 4.35 ignoscitis 6181.
1566661168, 189. 156666661, 164.
566ῗὶ161ἒέἓὲ,151961566-
6666 us

156666 14,187. ignotum 6, 637.

iliisgiliisiis 66, 415311.

1116 l,3. 97, 2, 93, 95. 99. 199, 3,
6179. 81. 91. 186. 246. 264, 4,
73. 89. 136, 5, 62. 162179, 6,
137. 214. 319. 376. 479. 536. 542.
615. 622, 1, 85. 88, 292, 8, 216.
269, 274, 9, 45. 91. 197, 19, 19.
32129. 164. 179196. 191, 221.
228211. 316. 316. 342, 11, 62.
161169171173,12,43.126;13,
195.119,14,284; 15113, 1629.
1116 1,161, 6, 86. 199. 111. 232.
233. 234. 279, 339. 368. 396. 498.
425. 434. 546. 632. 661, 19, 333,

 

