Warterverzeichniss. 65*

87, 7, 115; 10, 189. ,1111115154

‚m paro paras 6, 26, 14,48. ,11111 6,
i. 608, 8130, 14,273. ,1111111 8,
16, 236. 233. ,11111111,106. ,1111114
pallorem 15, 101. 200. paret 11,11. ,11111135

1. ,11111111 15, 76. pal· 111111 10, 131. ,1111 1110,105ἶ
181, ,1111118,58, 13, 14, 88. ,11111111 14, 55, 15,129’
117,118.,11111112,142. ,111111 6, 639. paratur 3, 224,
1. 13111111. 13131111·
1,35.,111,11111110,206. ,11111117,66. paratus 3,106ζ
400. 5, 56, 9,7, 13, 108. ,1111111112
247. alum 6, 267. 106. ,111111 5,168. ,1111116
,11111111 10, 276. 207. ,1111110333 parati 9,
4. ,1111111150 ,111- 49, 15, 102, 16, 46. ,1111111 6,
m. 245. ,1111111616273

1, 120, 10, 200. 277. ,1111111113141
5, 14, 128. panem 2, ,11111,26,3,171;5,8,9,121,12,
,10,81,14,181. ,1111 26. 52, 13,157, 15,3.73. 133.
465,12,60. artis 10, 209, 14, 94. artem 4,
1260. 10, 12,110; 13, 186, 1178106.
,102 ,1111111111 8, 14. ,11111 3, 194,
111,198. ,1111117,145. 6, 437, 7, 43. 114. 159182, 10,
300. ,111111118,95. ξὲὲ, 11,, ἓξ, 72,ἐοὲέ 11131,ἑ 13,
. · , ·. 1 ,
11. 111 1111111311. ,111111 1,
,7,101. 41;4,1. ,1111111114,148.
12,4;15,113. (sem.) ,1111111 em 3, 52.

114, 10, 98, 13, 59. ,111111 13,14.,1111111111115,79.

151, 7, 96, 8, 98. 215. ,1111111113,121. 'm‘
3. ,111113,104, 15, partus (111111.) 6, 626. (91116592.
1114,16,14,17. ,1111- ,1111111110352 ,1111112138

,6, 20. 315. 328. 349. ,1111111115166 ,
1, 109, 10, 309, 13, 206. parumper 4, 62, 10, 250.
139, 5,145. ,1111111 ,1111111115138 ,1111111113,204.
1 11111..1”1.111181 ¹⁰⁵
9. ,111111637Ι ,111111 ,1111118108 parva 1, 96, 14, 93.
Ι287. 1111116172, 8, 11116504. ,1111111833 ,11111
111 1, 18, 5,156. 1111- 11, 78, 14, 5. 111116, 564, 7,28,
1.· parcendum 11), 215. 10170. parva (nom. plur.) 6,184.
112. ,111111110116 288,12,87. ,1111111294 ,1111116
iv.) 6, 546. 1. ,111111111.)9,137.,1111111111111)
,11,123. 11,96,14,319. (1111111113168.
109, 8, 45143, 0, 87, ,1111113141 ,1111111117,93. 11111·
1111181157. parentem 111 14, 80. ,11111111 9136, 12,
243, 14,210. parente 105. ,111111115,150. ,1111112
rentes 14, 3. parentum 28. pascendum 7, 76. ,11111111
arentes 6, 13, 10, 296. 9, 67.
pascua 9, 55, 12,13,

0, 5, 64, 10, 339, 12, ,111111111111116,8. (11111954.
111 14, 331, passum 14, 271.
. ,1111112138 pepe· pastor 8, 275. pastoris 11, 151.
6, 633. ,11111111 15, ,111111116150 pastoribus 1111.
.14,303,16,52. partos ,1111111 5, 85. patellas 3, 261, 6,

1311111). 5

 

