18*

13, 444; 44, 44. 434; 45, 44. 03-
uia 1, 44; 3, 153. 233; 3, 253.

‘quem 1, 126, 6, 280, 11, 106, .’

15, 170. aliquam 12, 110. 311-
uod 13, 38. aliquid 1, 73, 2, 2.
14, 3, 44. 444. 233; 1, 444; 5, 33.
55. 153; 1, 21. 445; 3, 44. 53; 3,
433; 44, 454. 354; 44, 233. 343;
15, 92. aliquo 8,173. aliqua
5,15. aliquos 2,149.

anter 3, 434; 5, 11.513; 4, 220.

aliunde 7, 22.

alius 1, 44; 5, 54; 3, 443. 445; 44,
257, 12, 48;’13, 90. aliud 4, 78,
4, 133. alium 3, 34. 444404,
433; 5, 52; 5,531; 11,253; 15,
444. aliud 5, 23; 12, 44; 44,
344 (531;15,151. alio 3, 44; 10,
137. 3113 6, 437, 1, 114. 182.
3110 3, 54. 31112, 66, 3, 46, 7, 5.
155. aliae 5, 54. aliorum 3, 45.
anos 5, 210; 4, 443; 3, 54; 44,
453; 11,113. 341343,345;44,44;
44, 454; 1551. 044 3, 453; 45,
351613). 3111311,59.

310040 3, 266.

31033 6,181.

alpha 11, 233.

altaribus 12,113. alara 5,155; ·

44, 34; 43, 33.

alter 3, 132.113.215; 4, 44; 5, 444;
7, 95, 9, 66. 145, 10, 28, 11,
53 (5313 12, 115; 13, 44; 44, 33.
62. altera 6, 148. 440495, 7, 16 ,
3 1333 11, 111. 440. 333, 1553.
alterius (40334 5, 44. 344; 44, 453;
45, 33. am.) 13, 444; 11,131.
4411043 3, 55.

31134000412,31. alterna 5, 268.

3111113 5, 115. 168.

altisoni 11,131.

01133 alta 4, 131. altum (acc. 4443331
6, 634. 133014.) 1, 16, 6, 502.
alto 11, 435. 343 3, 53. 435.
alto 8, 13. alti 5, 115; 4, 445.
31130 6, 31. 31138131. 31113
5, 531. altos 13,153. 445. aaa
6, 431, 14, 88. altis 8,106, 10,
36. 3110 3, 256. 311104 (mnae.)
5,132; 13135. 1sem.) 13,113.

alveolis 5, 88. alveolos 7, 73.

alvena 12, 30.

alumnus 1, 20, 14, 247. alumni
11,98. 31040003 6, 609.

alutae 4, 132. 44043 ’44, 434.
claua alvo 5, 7.

Regiater.

ama 34013 14, 305.

amara 13, 247. amaraa2‚30.

amator 2,168. amatorem 6, 548.

ambiguae 8, 80.

anthia ambit 16, 48.

ambitio 3135.

3040111031 7, 50. ambitian 3, 182.

ambo 2, 153, 9, 66. 3401433 10, 328.
3041403 444444.

ambulat 6, 305.

3043444414,04.

amethystina 7,136.

amicae (gen.) 6, 455, 7, 82. (dat)
{3523 ., 12, 4, 20. amicas 6, 353.

amicitiae 4,’15; 5,14. amicitia 5553.

amictu 2, 82. 30101031,142.

amicus 2134, 3,107, 5,134, 6,214,
9,130; 13,15. 60. 304101 1,33,
3, 4. 34. 454. 444; 4, aa, 3, 454,
3, 62, 10, 234, 12,16, 14,65, 15,
134. amico 5, 32; 7, ’14, 12, 96,
14, 235. 3401004443, 116. 121. 279,
5,140. amica 3,57;5, 173. amici
5346. 34010131,146,5,108.113.146.
amicos 6, 313. 510, 10, 46, 16, 28.

amitto amissa 13,134.

amnis 13, 69. amnem 6, 522. am·
0114038170. 3003310177.

amo amat 6, 253. 608, 10, 320.
amant 5, 112. amca 6,112, 7,9.
34031 6, 404, 12, 130. amana 3,
228. 30430113 6, 209. 34030110,
208. 3403144403 6, 201. amavi
10, 68. amaverit 10, 220. 3403104
6,143. ametur 6, 75, 12, 130.
3403113186. 3043133 10, 241.

amoeni 3, 4.

3040400 4, 108, 8159.

34004 14, 139. 238. amorem 6, 275,
14, 227. 340043 4,114.

amplectitur 13, 141.

amplexu 6, 65, 9, 75.

0444ρὶ03 ampla 12, 10. amplior 6,
629, 14, 171. amplius 10413 5,
148, 6,119,

301,154, 2, 76. 121, 3, 93, 4140,
3, 61. 75. 387. 373. 567. 591, ῖ.
141. 142. 162163, 9, 43, 131333
11, 31; 43, 43. 453. 443; 4445
265, 15, 80.

anne 4, 78, 7, 179. 199, 10,211ἱ
45,444.

anabathra 7, 46. ¹ ,,

anceps ancipitem 11, 32. 34401)19
14, 272. ancipites 5,146.

 

 

