Wdrterverzeichniaa.

atrium atria (nom.) 14, 65. (ccc.)
1,1,11;1,10.

atrox atrocem 2,12.

attegias 11,196.

attendit 6, 66. attendas 10, 251.
1111111111.

atteritur 16, 50. attritus 11101, 8,
16. attrita 13, 111.

atti 't 14, 106. attigerant 8, 252.

atto 't 14, 95. 11101111 14, 236.
attollens 1, 31.

11111111112,21, 14, 306. attonitae 7,
61. attonito 1113. attonitae 111.
attonitam 11,199. attonitae 6,316.
ῗηοῗιῧε 8, 233. 1111111014146,
3, .

avaritiae (911.) 1, 88. (dat.) 8, 89.
avaritiam 14, 108.

avarus 7, 30; 9, 38, 14,111. avari
14,178. 1111111,77. avaro 6,
141. 11110114,119.228.

auctio 6, 255, 7,10.

auctor 10, 30, 11, 48. auctori 13, 2.
auctores 7, 231. auctoribus 8,
216,14,33.

audacia 3, 73, 13109.

audax (110111.) 6, 399, 11,201. (00115,
74. 1111111110264. 1111101116284.

audeo 1, 153. 1111118, 165. audet
10,116.306; 12,66; 16, 11. audent
2, 2, 5,131, 6,97; 13234. audeat
16, 6. 1011. aude 1, 13; 13, 161.
audere 15, 122. audebant 6, 645.
auderet 4, 47. audebis 2, 82.
ausus 1,129, 6, 345, 11, 67. auca
6, 117. 11118, 235. 111117, 206.

audio 6, 346, 10, 81. audia 13,113.
audit 3,111; 1,101; 1,111; 13,
151. 1111111131 11,111. audi
1, 113; 6,115.116; 11, 61; 11,

“ 24. audiret 2, 74. 11111119, 108;
14, 280. auditur 7, 86. audita
mo 3169.) 11, 112. (1101111111.)

, .

auditor 1, 1. 166; 7, 86.

evello 111111 3, 223.

averte 11,183. 1111111 6, 476.

ansero abstulit 4, 19151, 8, 242,
11133. antunnacum.

1111113189. 1110111573.

augus 3, 77, 0, 585.

“ma 1111113112.

avis (nom.) 6,165. (qen.) ll, 143.
111117,32. 11111482.

01111 16, 36.

aula 4, 93, 5,138, 6, 486.

21*

aulaea (1011117111.) 6, 67. (111110,
39, 14, 263.

avolat 6, 226.

11111266.

aurata 6, 430. 1111111112, 96. 1111-
111116, 48. 111110 6, 594. aurata
10, 212. 11111116123.

aureus 7, 122. 111113, 108; 8, 207,
15, 4.

auriculis 8, 5.

auria 10, 215. aurem 3,122, 5,
107, 6, 543, 9,113, 10, 341, 11,
183197. 1110 1,104; 4, 86, 11,
5911111111 (dat.) 6, 459. (abl.)
11, 70.

aurum 3, 55, 5, 39. 164, 14, 298.
auri 8,123. aurum 1,10.28; 6,
482589, 7, 243, 12,129. auro
6, 205; 7, 89, 10, 27; 11, 116.

iiiii? diuidi, 100. austri 6, 511.
austro 14, 268. 1111111 12, 69.

aut l, 5. 44. 53 (511). 164, 2, 52. 97.
110, 3, 70. 93. 93(51’1(. 120126.
134. 190. 191(01’1). 132. 224 (baa).
241. 295 (613), 4, 47. 87 (bia). 126,
5, 22. 33. 53104132, 6, 15. 33.
58. 77. 81. 138. 235. 266. 2121676).
279. 342. 449. 462. 482. 483. 501,
7, 26. 94. 95. 120. 121. 233 (bis),
8, 38. 180. 201. 218. 222. 275 (111),
9, 51. 81. 911133, 10, 5.54. 114
(513), 11,61.135.147.192, 12, 59.
103116, 13, 50. 51. 115. 162. 182.
246, 14, 81. 114. 165. 174. 178.
193. 198. 287, 15, 15. 21. 55. 82.
119. 125. 156, 16, 37. 40.

11111113,209; 6,181; 7, 217, 6,
119, 10, 295. 314, 11, 90, 13, 20.
196, 14, 83. 100, 15, 90.

αὐτός 9, 37.

autumnus 5,151. autumni 14190.
autumnum 11, 76. autumno 4,
57, 10, 221. autumnos 6, 230.

avunculus 6, 615, 14, 43.

avus 1, 95, 8, 143. avos 6, 163,
8,17.

auxilium 15,150. auxilio 14, 183.
auxiliis 8, 256.

axia 3, 258, 8,116. axem 6, 470.
axe l, 60, 14, 42. aneu ⁴1,117.

Β.
baca 3, 66.
bacchamur 6, 636.

 

