Wnrterverzeichniss. 59*

11111111311111133.)6,33; 10, 122. natum 1,141. 1111113,
14, 13, 110. 11311119, 156, 6,12;13,142. 1131331568.
ν.) 14, 103. multum 1111134,140. natorum 3, 175, 10,
1191, 1266. 241. 113111110201. natosss,33.
51, 627. 1111111311117. 1111113911.
1; 111,153; 11, 4-1, 15, nassae12,123.
dum 13, 31. 1114111111 6, 495, 15, 55. 111111110199.
micipes 4, 33, 11, 271. 1131131,5’1;6,148,8,5. nasorum
(nom.) 3, 238. (yen.) 341.

natalicium 11, 84.
1, 29. natalis 9,51. 1131111121. natalibus
48. munitum 10,171. 1111111331.) 6, 323. (abl.) 5.31;
33. munere 1,35; 2. 8, 231. ’
. munera (acc.) 3, 36, natio 3100.
58. muneribus 10, 306. nutis (acc. plur.) 6, 612.
,36 3313113131 4, 55. 1313113310251.
19. nutantis 14, 8. nataret 11, 94.
8, 200. murmillonem 113131118265.

nutura 1, ’19, 2, 1411, 10, 152. 219.
31; 10, 290, 13, 224. 301. 303, 12, 4179, 1330166.
1531111133. 236. 239, 14, 31. 321; 15131.
33. ’1131111333,123, 10, 359, 15138.
4132. muros 8, 240. 113111151388.
mures 3, 201. naufragium 12, 22.
202. naufragus 11, 301.

mustum 10, 250. navigio 1, 82.

1, 14, 55. mutari 13. 5331311313116,98; 12,56,14,238.

111111111094. mutatis 1131119149, 10135. 1131151118,
106, 9‚132.

143. 1111113856. 113111111118,3’1.

49. nauseo nauseat 6, 433.

156. nautae 12, 82. 113111136154. nau-
1336101. 113111133114.

Ν· 1163111311113511,413161111653131,
1. 11111. 131, 1, 55, 151, 35. 111. 133. 143, 3, 3511. 111.
134. 11111. 131. 141. 151. 3, 1303 11141, 31. 31; 11. 31; 13,
1, 113113, 51311111, 35311, 113354. 55, 15, 4ο. 41.
15. 185. 254. 415. 431. 83, 16, 8. 16.

90, ῖ,8.50.69.152, 8, 115 1, 1. 92, 5, 9, 6611161192.

3353115143, 1018. 641. 642, 9, 69, 19, 28. 99, 13,
13.135.3114.313,11,5. 114. 11111111.

Ι199, 1211122, 13. 1136315134.

240, 14, 50. 176. 222. nebulone 14, 9.

9366333, 16, 2. 52. nec 1, 23145, 2,19. 1118103130

13, 1, 131, 11, 115, 11, (551. 131. 135111151, 3, 2314

6. (bis). 60. 61. 13. 30. 3111513). 102.
mmmmmmm1

naribus 3, 153. 411. 1114, 5, 3. 1. 35. 113133. 153.

narrate 4, 35. narrare 132; 6, 3. 36. 96. 133. 202. 203.
2, 82. narraret 15, 14. 234. 232. 288. 350. 358. 375. 330.
164. 413. 43315151. 430. 450. 455. 508,
3. nascuntur 14, 242, 7, 516131. 54. 6615, 8,103.123.
3311 10, 50. nascenti 164. 1ῖ8, 103. 194. 200. 201. 203.
,11 1, 134, 3, 35, 311. 1141151. 111, 11, 13. 33. 311111.
'. nati 13. 84. natam 121. 147, 10, 51. 120. 164. 233.

 

