thrterverzeichniss. 33*

197122, 7, 69. 232.
1,2,107,5,11,10,
11, 222, 15, 92.
; 5115111, 1,11;
15, 111. 1111151111
1. 111. 2303 10,151}
62, 11106. dignum
2. 11111.1111111.,)917,
!,45; 15, 17, 16, 31
ι1113,205.(11,ζ1111111
15,5 1150 dlgni8,
6, 53 digna (nom.
(acc.) ),;151 15111

113, 235. ssima
11111111 13, (133.111

dilexit 11, 210. dili·
dileetae 10, 316.

151, 11, 15. dimidio
5. 1111111153. ‹li-
; 11, 111. dimidios

5. dimittere 5, 20.
1111. dimittaturs,

54. dirimi 3, 73.
(11111111,60.
1111. dira 1,11
32. 35. dirae 6,119,
ni 13, 193. dira 15,
4, 80; 10, 15.

137. discipuli7, 216.
1,25. disci 11111113,
13. discipuli 2, 28.
0, 221,

6, 66. (11111111 11,
17, 30, 11, 3. didi·

100, 13, 116. discri-
; 111111, 111151
l. discrimen 6, 592.
5,11;1; 1,51, 1131,
1111111111 6, 301, 10,

ὢ11; 1, 131.
1115.

9
ister).

dispensatore, 1 91.

dispenso 3, 267. dispensat, 1 219.

dispersi4, 48. dispersos 15, 151.

displicet 1322153111111111 2,
Ξ649Ξ11111111111,11,65.(1111111111
, .

dis onit 6, 490. disponat 6, 163.
isponere 7, 44. dispositis 14,

dissimilem 8, 216, 10, 192. (11111-
miles (nom.) 15, 58. (acc.) 3, 18.

dissimules 9, 70. dissimulet 16, 9,

distendere 6, 5.96

distinguat 5, 80. distinxit 3159.
distmguittirl, 127, 11, 289.

1111111 distat 7,194. distet 11, 26.
dietam} 11, 38. distantia 3, 37;
1111.

diu 1, 51, 5,160, 6,2, 6, 67, 10,
111 11, 11.

diversa 15, 34. diversum 7,172.
diversis 13, 136. diverso 10, 263,
13, 101. (1111111117, 156. diversi
3, 268, 6, 257, 10, 3 diversis4,

(11111111111)32105,113,7,3,0
11, 176. 115.,12 60, 6, 16261160
diiitis3, 31, 6,518, 9’,1;02 11,
66· 13, 27. (1111115111 (masiis,
51, 11, 111. (fenals, 585

(111111111121.

divinus (1111111113125. divinorum
15144 divina3, 207, 10 355

(111111111,110,6,300,102111,
329. 11116111111,112.6111611
14, 135. 238.

(11111111 6, 483.

divus divorum 6, 115. divtim 6,
393, 13, 31.

(117165. (11113161. (11112,19.
63, 3, 279, 13, 19, 11, 30. 230.
(11111116,70,11,176.111117,90
detss,3’51.dd 1, 131 (511), 3,

1, ,12135 8,68,10,.13166 =

· (5111,16,29. 1111113,219,6,566,
7,13, 10 295 363 13, 167, 15,
103127132157.(11111151976,
1165111111 7, 101, 15,1.55
111111111111111111, 3219,
5, 53. 166, 6, 214 566· 7,15. 90.
101. 171, 11, 159, 12, 119125,
13, 179. 211. dabunt 5, 565, 7,
201, 10, 164. 319, 11,179. (111-
turos 11119. dedi 3, 33. dedisti
5, 27, 9, 121, 1170111. dedit
1, 156, 2,76. 117, 3106, 6,137.

3

1

 

