58*

mollis 6. 38. molle 1, 66. molli
1116101010.) 3, 66; 6, 63. 1 jem.) 5,
70 11101101(]011111104,3,101;
6,300.111011111 1, 63, 6, 366.
11101101117,6,91.1110111111,
65.100111116,511.1110111011,165;
6,15,11,66.11101110110110.16,
196. 111011111101015,131.

moneo 6, 626. monent 15, 107.
moneatis 6, 316. 1110001101 6, 91.
monui 6, 39. monuit 11111. 1110-
0011 6, 530. 1000111111110.

11100015 7, 55.

monilia 1, 65.

11100110 11, 116.

mons 6, 646. montem 1, 61, 3,156;

5,,77 10, 153· 11,111. 11100106,
311,6,139.115,11,69.1110011·
11111 6,637,11,119. 1110111719,
54.11101111111105,33;6,,567,111,
11, 25. 159, 11, 88.

monstro 10, 303, 11, 156. monstrat
10, 48. monstrant 11, 3. 106.
monstrare 1,11, 7, 56, 6, 45, 11,
103. monstrante 14, 10. 11100·
stratur 6. 60. monstrata 14, 37
monstratos 6, 261.

monstrum (nom.) 4, 2. 115; 9, 38.
1000.) 1,113, 1,15, 13, 65, 15,
121. monstra. 6, 166. monstris
6, 647. 1110011111 1, 111, 6, 615,
11, 163, 15, 171.

montana 6, 5. montanum 2, 74.
montani 11, 66.

monumenta 5, 55.

mora 2, 167, 6, 333, 161 316, 11.
111 (5101. 11101110 19011. 0111916, 236.
317.(110111111.111116,11.

11101613, 136. Ρ11101110 9, 46. mor·
bum2, 17· ,13, 130. morbo2 50,
13, 212. morborum 16, 119. 11101·
bis 14 156.

mordet 6. 302. mordeat 6, 632.
mordere 5, 11, 11, 67, 15, 67.
mordente 9,16. momordit 7,19.
mordetur 3, 61.

1001111113,132. moriuntur 2, 146.
1110ήο11111,137 10011011111,119.
1110110013,17,1 15, 79.

1001013163111011111 1,115,11,
156267. 010111110111,51. 1110
1011111161.

mors 4. 95, 10, 171. 11101111 10, 357
1110110111 6, 196, 10116. 1110110
0111051, 6, 115; 10113, 11,
15, 11, 16, 13, 51. 111011011111.

Regisoer.

1110110111 5, 69. morsu 1111, 11,
197, 15, 9.

110110601376.

0101101111170.

0101610119, 95· 10, 10 mortifero
4,ll3 0101111010 14 221.

mos6,;362 10,111.111011111,63.
1110101, 67. 116, 3,161, 6,156;
13,36;16,15.11101011611110-
101111,11,11,51.11101·15011 111,
1,.3911101011, 170, 3,,63 661.
110. 196, 7, 137, 10, 196. :;11³
11,91,13,159.139,14.15.1110·
1111011,,13,,110 6,45; 6,·11,
11, 57· ⁷:13 161, 11, 74. 313.

1110101311.

moves 13,111.11101016,71,6,103,
11, 5. 1110νο01011, 51. 11101001
10,161,13,35.105105001611.
1110101111 6 251. movebunt7, 171.
1110101116113111011100 6, 536.
moverat 16, 19, 15, 16. 1111110101
11,170. moventur 6, 311. mo·
veri 6, 419, 13, 67. movendus 3,
116. motae 10, 21.

111013,117.160,5,;16 6,.13117.
224. 666· 9,33, 16 319 11, 169,
11,16.66;13,169,11,93.115.

1110011111 5, 66, 11, 116.

mucronem 14, 211.

mugilis 10, 317.

01011110 11, 166.

111111111151, 111. 011.) 13, 110.

11101101 2, 113, 3, 95, 6, 252. 440.
151; 111310.

mulino 16, 23.

mulio 1317, 0, 110.

mullus 5, 62; mullum 4, 15, 11, 37.
1111111010111 6,16.

multicia (110011 1, 76. (aec.) 1, 66;

multus 6, 161, 11, 159. multum
1110111ζ4 3165, 7,167. (acc.) 1, 66.
164; 11,16. 11111110 1, 47, 5, 79,
111111. mu166,112; 5, 353 1,
76. 161, 6, 7 multo 13,196.
multi 543. 113· 13 163, 14151).
1111111006, 655,10,161, 15, 56.
11101106, 14. 1117,9,69.1110110·
rum6 116.111011111.”1110101 1 66.
66;6.27;10,6; 1221›13‚9;
117911011116657111011011.
135, 7, 51. 163, 16 61, 166, 11,9.
11101101 191 9, 116. multo 2.

 

