52* Regisicr.

111. (66166666.) 8,131. (muer.) 1661616361 1,231. legenti 1,104.
14, 146. lassi 1,131, 15,161. leget 3, 241. 1661616 [66616211.
166616 8,154. 166666 9, 55. 166616 legit 11, 69, 13,121. legerat 1,
6161. 161;11,16. legantur 11,162.
1616616161 6231. 16166116918. 166116 13, 136.
latine 6,188; 11,148. legumen 15,114.
1611611566 6, 415. lenae 6, 489.
latravit 10, 212. leno 1,55. lenone 6161. lenonum
latronem 13, 145. 1611666 10, 22. 3,156; 6, 320, 14, 46. 1666111566
666 6, 666; 6111. lateris 6, 5053 6, 616.
13,229. 161611 6, 31. 161663,131; lentus 6, 248. lenta 1666661696 13.
1,106; 11, ι16; 11,61; 11, 166. 100. (661. 6629.) 16, 41. 161106,
161616 1696. 565.
latus 1616 9, 65. 161616166666666.) 166 8,36, 14, 241, 15,161. leoni
1,161. (nocer.) 6, 482. 161614, 15,160. leonem 1,16.
308. 16161621. 16166 11,122. 1666611138. 1666161115,161,14,
6661,131;4,11.16166,61; 11, 61. lepores 6124.
245. 16116614,234. latissima letale 16166.
12, 59. 16111616 4, 56.
laudabile 11,22. 1616 10,119.
1661163,2;4,18, 12,121. 1666166 16116 3,111,9, 95. 16661666110,
10,28. laudat 3, 86, 6, 435, 13, 199. (acc.) 14, 62. 1611 2,12.
32, laudamus 8, 58. 16611661 14, 161168,115. levibus 6, 356· 8. 35.
161. laudem 11, 66. laudet 11, 1666 6, 601. leve 1, 616. levium
154. laudare 3, 4292. 106, 1,31. 13, 13. levibus 13, 182. levius
laudabat 4, 121. laudatur 1,14, 10,344. leviori 1,11. levioribus
1, 11; 612. laudetur 11, 111. 1,11. levius (666.) 6, 66.
1666 lavat 3, 262. lavatur 5, 90. 16- 1166161661 12, 53. levet 14, 236.
vantur 2,152. 1666116,44’1,1, levarit 14,83.
130. 1016 6161. 1060 6, 416. 161 1, 61; 6, 38; 1,162; 16‚616; 11.
166166 2,158. 16616161,19. lauro 324. legi 6156. legem 6, 635.
619, 6, 253. 166166 10, 65. lege 6, 453. leges 2, 43; 8, 91.
laus laudis 6.16; 10,143. laude legum 4, 19, 6, 544, 8, 50. 268,
8,14. laudibus 6,182. 14,111. leges 2, 3012, 1, 229,
166166 11, 1. 1661114,251. lautum 11,8; 14, 161). 193. legibue 16.
1, 61. 166161113. lautorum 1, 251,16,15.
111. lautissimus 3, 221. lautis· libarius 9109.

611661,115; 11, 140. libelli 1, 86. 1156116 14,193. libelli
laxet 6,144. laxare 4, 61. laxabant ’1,101, 11561166 3, 206, 6, 244, 1,
6261. 26. libellis 12,100; 13,19.62.
lectica 1, 32. 121, 3, 242, 10, 35. liber librum 3, 41. 11516 6, 263.
lecticas 6, 309. 518, 8,134. 115111,5. 115166 3.

16616161,13. 219. 115116 6, 451,9, 84.
1661111669,11. 115615161, 9,122. libera (nom.
lectus 3, 203; 6, 268, 8,111. 16611 cinq.) 8, 244. (nom. plur.) 8, 211.
6, 226, 9,18. lectum 6, 21. 16616 (aec. plur.) 4, 90.
2, 60; 5,11, 6, 594, 1,105. 166116 11561166 2, 112, 3, 299, 6, 140. 211,
11,96. 8,111. libertatis 2,11. libem-
legutum 8,112. 1616 14, 50. 230. libertate 1,116;
61166666. legione 6161. legi- 6163. , .
6666 (nom.) 14,141. (acc.) 1616. 1156111666 1,102.
legionibus 8, 255. 11561166 6146. 1156116 25911561·
16“16661119,44. legitimis 6, 200. turum 5, 28. 11561166 ’1,43.
0316166 16, 336; 11, 106. libet 1, 633 6, 1; 1,116; 6, 16; 6,
layo legatum (6666.) 9, 62, (acc.) 9, 95, 14, 142, 15, 84. libeat 1, 19;
88. 10,162. 1156111166 15, 88. liberet

 

