44* Register.

grunisse15,22.
grue 13, 170.

ἔ6311650101.)1,140, 5,94, 15, 90.

QQQ3QQQQ
gulosum 11,19.
gurgitis 3, 266. gurgite 2, 150, 5,

100, 14, 286. gurgitibus 13, 76.

gustat 15, 92. gustaverat 14, 85.
gustus 11, 14.
gutta 11, 54.

gutturis 2,114. guttur 6,·l65; 13,

QffiQaQQQ.
gymnasia 3, 115.
gypso 2, 4.

11.
habenas 14, 230.

habes 4, 125, 8, 200, 9, 87, 16,

365, 14, 315. 11111011,40, 3,122.
144. 152. 267, 5,19, 6, 152. 181.
197. 240. 268. 658, 7, 74. 75. 189,
8,141, 16, 72. 297. 323; 11, 68,
QQQQQQQQ,
116. 1115111661, 13, 83. 111-
beas 5, 127; 14, 207, 16, 24.
111111112,,39 6418, 16, 34. ha·
beant8,227. 111111 3,1;88 5,
118. ha’bere1,129;1090 14,

207. habentem 5, 46. haiiebai
5, 151, 9, 3. habebis 11, 60. ha-
bebit 6, 562. 656. habuit 3, 268,
10 146. 231. habuere6, 13, 10,
278. 1111111118, 141, 11,1. ha·
111116, 272, 8,24,16,92.1111111-
11111115, 111. babendum 13 ,118,

14,254.11111111(1111111,93.111-
behdos 15, 37.

habitatorem 14, 312.

habito habitas 1,114; 14, 268. ha·

bQQQQQQQQ
habitus 01011.) 11,149. (9111.)3,180.
habitum 2, 72, 9, 20. habitu 14,
116. habitus 4aee.{aiur.) 2,124, 3,

QQQQQ
haedulus 11, 66.
11111511 haedhs 11, 153.

11111013, 135. liaeret2, 137; 3,
249, 11, 54. haeremu’s 6, 281.
haeiens3, 233. haereret* a, 227.

haesuri 16, 144. haesuram '14, 2.
haeserat 4, 41.

halitus 16, 238.

harena 3, 55. harenae 19111.) 3, 34.

QQQQQQQQ

tQQQQQQQQQ

233; 16, 6. 47.

harundinis 16, 21.

1111211016, 337. 550. haruspice 2,

hastam 13, 82. 1111153, 33, 11,

111111117,127.

haurio hausit 3, 85.

haustu 3, 227.

haut 3, 164, 6, 7, 7, 93, 8, 198, 11,
QQQQQQQ

hebeti 11,140. hebetes 8,137.

hecatomben 12,161.

hederis 7, 29.

herba 3, 20. herbae 11, 66. 1111111
QQQQQQ

herboso 3,173.

here 3, 23.

heres 1, 41, 3,161, 6, 218. 600, 9,
87,14,.4 1111161116, 39. here-
(111 16, 237, 12, 95.

Ι6111111111, 9, 44. hesternum 14, 129.
1112 159.

hiaturir3,l75. 195. hiatu 6, 636,

hiberriae 7, 221 hibernum6,521.

QarQ’mQhQQ32,
118, 3, 69 (bis). 761611). 148. 186.
216 217. 219. 226. 245. 246, 4,5,9
5 ,86;6, 112. 193. 362. 479.48’0.’492.
532. 6101671), 7,129, 8, 48. 5166.
QQQQQQQQ
QQQQQQQQ

. 13, 3. 31. 105, 14, 62. 79. 172. 272.
QMQQhQaQa
218. 299, 6, 54. 161. 213. 214, 253.
6.Μωωηωωω;
7,41.175. 198, 8, 171, 16, 207.

243. 322 326. 345, 11, 77, 12,.1 .
97,13,2.157.166,14,153.164. .
325,15,3.52.93.196. 11004, .

128.131.154; 5, 76, 6, 110. 614. .

657,7,13.135,9,27,11,118, “.

15, 69142, 16, 68. hurus [maaet
7 125, 8189, 10, 99. 228,14,
147,15,97. 12111116499. 59,5
8,46. 151111)6, 179, 14, 38. 296.
hirie16, 184. hunel,33; 2,16,
3, 293, 5, 14. 116. 136, 6, 72. 157.
159. 383. 648, 7, 56. 265, 8, 36,
16,69.272,13,175,14,73.114·,
15, 17. 65,16,56 1111161, 111·Ρ
2,67 78, 6452 499 16 41 11,
115. 200· 12, 119, 14, 94 140.
143.11061111.’“·2,143,1,45;5,

 

