76*

(161661 16, 95.
qu1eee7mt 13, 218. quiescet, l 126.

16111651 (16511651 11, 265

Regiam.

136, 13, 172. 219 16161656 16,

246. quoquam 13, 6
quisque 1,11, 3,143, 12, 26, 13,

661565156111133. (56165551.) 16. (16656665, 611, 77,'4776; 14,

12,112.

qu1ngen7706, 137.

quinquatribus 16,115.

quinque 1, 165, 6236, 7, 121, 9,
11,11,266

(1611155561 6,11· 7,.166175, 8,

51. 216, 16, 41; 12,” ι, 13, 26.

189,11,116,15,116.

(1615651669.) 1, 36 9116161. 136.
13,9 2, 82125, 3,.19166.161.
196. 268. 25916151. 293, 1,16. 84.
161. 162, 5,12916151.158.163,6,
58. 166. 181. 226 16151. 24716151.
312 16151. 347. 16416151. 165. 571,
7, 63. 34 367'773. 65 [6151. 163. 161.
117. 155. 215; 8, 6. 36. 57. 211,
9, 58, 16, 67. 141. 159, 11, 21. 38,
12, 28. 18. 95, 13, 16216151. 164.
216, 11, 178. 211; 15,1.163.119.
116, 16, 1. 25. 26. 36. quae 6,
617. (1616 1,151. 176; 3, 6. 86.
147. 253; 4, 5. 69. 86, 6, 15. 185.
196. 359. 162, 7, 81. 199 16151. 8,
183196. 133; 9, 3, 16, 36. 163.
168. 268. 213. 338. 317, 11, 2. 48.
182; 13, 72118, 231. cuius 3,
232. 233. eui 3, 19, 7 211, 9,
51. queml, 77. 78, 8, 3,9 16,
216. quid 1, 9. 45. 18 52 136.
118¹. 119, 2651615175115131.
153. 151155. 166, 3 41. 74. 183.
181.291,111,5,18,611.161.
11116151 366. 367. 346. 388. 383.
163 16151. 475. 191. 568. 5611, 7,
136. 158. 165, 8, 116151. 91 (6151-
91. 111. 179. 193. 221. 231, 9,16.
67 (6151. 68. 31. 125, 16, 1. 5. 72-
265. 278. 273. 3112. 321. 32116151·
325, 11, 81, 13, 5176, 11, 23.
153· 15,’171. (165155661222-
(16563, 59. quae6, 116, 3, 74. 81·

(1615116611.) 2,11, 5,1.12,7,238;

(1616 8,

361656 8,116.q77amq,11 85·

quid4, 5,1, 5, 1211, 6,2511,” 7, 363

8,111,16,87, 72, 48.

111118, 15,115.
quisnam 16,119,13 213-115163.

165. quemque 3, 256, 7, 213.
11511111, 161. quaeque 16 ,319,

quisquis 6, 211, 8, 271;16,116.
251,11,227. (1616(16161, 51· ,6,
526. 598. 613, 7, 162, 11, 196.
131. (1616(16161,85, 6166. 553.
632, 8, 96· 9, 37. 111, 16, 171
341, 13, 83, 15, 33.

1516656165 16, 31 quemvie3, 75.
quo 1565. 7'774777093 8, 3. 142. 111,
q3381 14, 135, 15, 61. 172.

quo minue 6, 33'4.

quocumque 11, 277.

quod 2, 43. 138. 139, 3, 2. 8486.
147. 153. 216, 1, 99, 5, 12. 65
(6151, 6, 31. 3615. 1851168369.
516 612 657 7,159. 222, 8,51.
135, 3, 71. 83. 99· 16, 28. 183.
268· 13, 2. 15. 166. 191. 266, 11,
76111, 15, 36. 47. 66. 84.

quondum 3, 31. 313, 1, 21, 6, 288,
11, 83, 13, 38. 266.

quoniam 3,111, 6, 555, 11, 16.

(165 65 3, 326· 1, 33. 167115, 7,
13. 262, 9,75; 1617116, 11,
111. 267· 12, 311, 13, 21. 224· 11,
5276168. 127. 261. 325, 15, 119,

(1651 (6155511113, 111 (6161. 1,7, 6,
277. 166, 7, 235. 236, 16, 147.
216. 226. 221. 22216151. 223. 221.
225, 11, 151. 115151.) 3, 271, 7,
2211, 7326.

quotiens (inte-rreq.) 3, 276. (relat.)
1, 165; 2,2. 156, 3, 111, 366. 318,
5, 28. 115, 6, 67. 186. 134. 535.
11117, 7, 179, 9, 51. 111; 16, 29,

quotus quota 3, 61, 13,157.

11.

rabidam 6128. rabidi 15, 163.
rabie 6168, 13 ,225, 15,126,
1561516, 265. 1’777iautss, 381.
radios 13, 78.

(16556566, 434. quidnam (aec.) 6655566113151.1565556165,

1, 136, 11,) 323.

(1616165618, 1116232, 16, 181, 11,
148. 561665163119, 8178, 11,
6, 15, 55. quemquam 111, 96, 12,

14,7. 75705,171;1181 1777
6521564, 777. 5777 7, 70. 177
darum3,236.

 

