W6rterverzeiehniss.

1111116112126

1111115 6,1’19, 8, 259. ancillarum
12117 111111116326.

11115119, 37.

1111111115, 163.
anguis 14, 241. anguem,143.

115111161579;13,74.

1113, 165,6,357,111111111
,111; 111, 11’1 anfflmtum 1111
1131111111’3,96. 1131111116169
11 1151693. 118111111678
11111116, 37,’
1111111111.)3,2,61 6,.561 (dat.)
,16116 111111111’6,’531.654,6,
63’,16,261,12,57. animal, 63
11111112156, 8, 254. animas
4,152, 6, 636, 9,123, 14,16,
15,94.159,

1111111111,141. 11111111111111.16,56;
12, 9, 112376, 15. 99. animalibus
15, 1. 7.

11111111 3, 56, 6, 267, 7, 57. animi
4, 91, 6196613, 6, 24. 146; 9,
16, 16, 246, 13,196, 14, 119.
animo 11,15; 14,329. animum
212, 6, 97, 16,357,13,166,14,
15. 265; 15, 149. 1111111,152
169, 6, 186, 13, 195. 1111111111
16,356.11111112,.139 animos
169 6,;265 7,94,65; 14,.33
1111111111 11111111.

1111111112,’ 162.

1111119196.

111ο111111, 119

annuit cs. 11111111.

annus 6, 192, 7, 242, 14,16.197;
16, 42. anni 11, 72, 13, 66.
11111113, 225· 6,.521 111101,
117, 11,113. 111ο14, 129, 6,199,

7,39; 1’6, 166. 249, 1’,317’, 1’4,48’
111111 3, ’,262 7, ”,235 1’,6 139,
13, 56.

annum 1111111111. m) 1639.
(aco. p.,.lm·)6466

auserim. 114. 11111116, 546. an·
1111111111114.

111(αιρ1.1,;1611,;444,;1ο
5,.5 114148, 6396426596
7,143, 6,.112261144.156.226,
922118 11,191.266.339, 11,196’
192, 1’2, 11,3 14, 269, 255. 111111)
3, 111. 143, 6, 22’7. 417. 566. 632,
9,,114 14, 326.

11111111111 12', 19.

9111111111 cs. 111111, ua

antiquam, 454(.l

19*

antiqua 15, 33. 1111111116, 21. 11-
tiqui 15,’169. 1111111111116
antiquo 11111. 111111.,16 529. ’1131
339 1991319393
111116151161111111163193

111111112113.

11111111,6. 111111αό1)4,,216,
326· 7, ’59 antris 13, 41.

11111117, 146; 16, 166, ’,1143 139.

1111111113 211 111111111257.

anxius 16, ’.86 1111114149, 16,

aper5, 116, 11,136,15,1621
5, 167, 15, 162 aprum 1, ’191
apros, 1 141

1111116167.11111114,116,9,98.

apertae 7, 163. aperto 6, 16. ”1111115
6,,392 apertius 4, 69.

apex 12, 72.

1111111133

aplustre 10, 136.

111111117,’.156 1111111119, 64.

aptus 7, 56. aptam 12, 39. 1111
35, 133. 1111016581 aptissima'

11111691.1111116,395.489,11,
137; ’15, 31.

11111113198, 5,52. 1111219.
”’11111116,529.’111111”1’1’,”63

1111111111111127, 11111111652.

1111111119, 66.

ara2,89. 111112,7,133611111
1,14, 6, 366. 399, 111, 63. 266,
11,119. ara 8, 13, 15, 115. 1111
3, 12199, 3,145; 6, 345, 12, 112,
3, .

1111111111 1,130.

aranea 14,61.

aratro 7, 49, 8, 246, 16, 276, 13, 65,
14, 161. aratris 2, 74.

arbiter 6, 79.

arbitrio 13,177.

arbor 3,16. arboris 6, 545, 12, 32,
1119199511117, 14, 86. arboribus

11611111 14, 144.

111116 25 1111111374 11151,
96, 3’,143. 161, 6,’363, 11 ,26,

1111111116,543,111111111 9,116.
11111115141. arcano 2,’ 125,
14, 162. arcana (nom. plurz) 2, 61.
1111.) 13, 73.

 

