50*

introitum 11,15.

11111153141.

invadunt 2, 20.

invalidi 3, 88.

invenit 3, 260, 9, 8, 13,19. 191, 15,
14. invenias 1, 5. invenies 6,
208, 8,48, 113, 10, 118, 15,119.
inveniet 8, 131. invenit 10, 41.
invento 8, 39. inventi 11, 75.
inventis 13, 66,

inventrix 15,111.

inverso 3,108. inversis 14, 181.

invidet 10,118.1111·1(1555 7, 93; 11,
110, 111115113118.

invidia 15, 95. invidiae 10, 51. in-
5111155115113.

invidiosa 13,119.

invitatus 14,131.

invitm 1111115 11,111. inviti 14, 108.

involvit 6, 601,

inutile 15,116,

1551111310.

1555515559,10.15551111113,141.

1111111511 511515 111511151311115115111115111
112, 6,.51521591, 11,,38126,111,
8,111.115. 141. 11181, 19, 52. 230.
151. 363, 11,62,19.160; 12, 35,
13, 56, 14, 111. 244, 15, 38. 45.
11155 3, 95, 111, 6, 109. 153. 281,
311191190, 640, 10, 191, 13, 19,
14, 139. 11151115 (masc.) 7, 139, 8,
161, 10, 285, 16, 58. 1 sem) 6,
530, ipsi5, 101, 6, 519, 8 ,188,
13,1. 1115111111,1111, 3,1311, 4,
281 5,56. 114, 61115· 8,1,331,10
181· 111, 9, 141, 1161. 1115511116111131,
333.15681,10,.1141,13,151. ipsum
5,6;11,110.111551,133;14,106.
1115510116, 11,11, 13, 1801, 14,
195,111511,100,1,108,8,,110
14, 3 134, 15, 591 1115115116 2411
ipsa 11,133.111551·111118,138; 13,
138 ipsis (1115551 1, 31· 16,1·
16, 49. 1111155115 ,110 146. 3411. 1115551
1100 6,31ῖ, 9,16, 10, 305
1115558,113,10,1 59. ipsis 1515551
3, 146, 61513, 15, 100 (sem.)
111, 11. 1166. (1515111511 5, 135.

11511, 85, 6641, 1310111. 116, 15,
131. irae 1115111 8 88, 13, 181,
15,169.115111618928511151,
45;14,50,11551,168.

⁸ irasci 1111365. 115115 13, 116. irati

10,313.11515113,93 1151131911.

iratis 11151 ,1 11 146. ((161 ,11, 1.50

85315151.

1151113, 181, 8,,113 1,,161 10, 183.

15151,161;11,36. 11115111,168 istud
3,181.1151151,136.1515116195.
151155 1,139, 115151, 15, 61191,
9,13. 1511514,119,

15115559.

ita 1, 38, 5, 59, 6, 212, 13, 91.

151 1, 115, 15, 55.

iterum 3,131, 1,1, 1, 95, 11, 15.

iuba iubis 6,10.

iubeo 6, 213. 11111511, 99, 1,1,3,
311916181190, 6910. 11111. 4120.
511,1,101,14,1311111306,15,
134,1 11111551131119, 6, 981151
1511551119,144111111151511 1,101,
15, 150. 1111115515 5, 1131491 1115511
6, 31. 611, 10, 215. iusseris 3,15.
iusserit 6, 526, iubetur 6, 340,
1,11, iubentur 4, 144, 8, 65, 14.
108. iussus 5, 11, 8110, 14,
331. 111555 3,15. 1115555 11,101.
iussos 8, 371. 1115555 3, 65.

incunda 4, 81. iucundum 5, 140.
1555565151, 81. iucundis 10, 319,
iucundius 13,189.

iudex 161319. iudicis 1, 75.
iudice 4,11, ,1, 13. 111, 8, 188,

1561515118.

iudico iudicet 13, 126.

iugera 11163111115111151 1,131.
161115159, 141, 4,,1 1535116553,

iugulare 15,11, iugulata 12, 121.

1151111111511111115 821811131111511,

111 111,,,1111115511951 1613511551
6,108;13,11.111351.8,63 inp
1115511118 1108.(1155.13,191.111111

1111515515 14,11. iumenta 3, 316;3,
103,11,11,11 iumentis 8151·
1551551514,,5 1,180,

1,111135ῑ9,1051111511111116,11, iun·
11111511 {3⁰39 1111151118614146. iun·

nunc

1511115155511516,15,511, (55116

mro 1111518156, 13,’1”8. 1111513,
141, 1111515611,61111151115134Ι
iurando 131012. 15151555

11151,56,10,151 111115 1, 118, 9
139, 61 1111,8.50.11151361·
101, 141, 1011 111151, 31, 11,1ῧὶ
131191.11115(115111.,11.·)43.11111-1
1,151, 9,,81 115135.

 

 

